-0.177777777778
-0.0755555555556
-0.04
-0.00444444444447
-0.00266666666671
0.0133333333333
0.00799999999999
0.00799999999999
0.00800000000004
0.00800000000004
-0.00799999999999
0.0
0.0
-0.00800000000004
-0.024
-0.032
-0.064
-0.072
-0.056
-0.016
0.016
0.056
0.072
0.064
0.032
0.016
0.0
-0.00800000000004
-0.00800000000004
0.0
0.00799999999999
0.00799999999999
0.00799999999999
0.00800000000004
0.00800000000004
-0.00799999999999
0.0
0.0
-0.00800000000004
-0.024
-0.032
-0.064
-0.072
-0.056
-0.016
0.016
0.056
0.072
0.064
0.032
0.016
0.0
0.00799999999995
0.0399999999999
0.096
0.168
0.256
0.32
0.352
0.352
0.304
0.216
0.128
0.0533333333333
-0.00799999999999
-0.0533333333334
-0.0666666666666
