0.0666666666666
0.0533333333333
0.032
0.0186666666667
0.016
0.016
0.032
0.04
0.048
0.04
0.0320000000001
0.024
0.016
0.016
0.016
0.024
0.00799999999999
0.00799999999999
-0.016
-0.024
-0.056
-0.056
-0.064
-0.048
-0.0400000000001
-0.00799999999999
-0.00799999999999
0.0
4.54747350886e-14
0.00800000000004
0.00799999999995
0.032
0.04
0.048
0.04
0.0320000000001
0.024
0.016
0.016
0.016
0.024
0.00799999999999
0.00799999999999
-0.0106666666667
-0.0266666666666
-0.0551111111111
-0.096
-0.142222222222
-0.244444444445
