45.6666666667
75.8
62.88
49.7466666667
17.52
-5.32
-24.88
-37.44
-38.48
-31.88
-25.04
-20.28
-16.92
-14.8
-14.72
-15.32
-21.52
-25.24
-27.48
-26.32
-22.68
-4.52
14.28
36.56
55.4
68.36
71.2
65.32
44.2
17.52
-5.32
-24.88
-37.44
-38.48
-31.88
-25.04
-20.28
-16.92
-14.8
-14.72
-15.32
-13.64
-10.52
-7.4
-4.16
-0.44
1.56
2.96
4.12
5.28
5.6
5.88
5.16
3.92
2.24
0.8
-0.84
-2.16
-3.28
-4.04
-4.44
-3.68
-2.64
-1.68
-0.84
0.0
0.28
0.36
0.6
0.88
0.88
0.68
0.64
1.04
1.64
2.16
2.68
3.04
2.68
1.96
1.52
1.2
0.76
0.56
0.72
0.84
0.76
0.76
0.72
0.6
0.36
0.64
1.12
1.72
2.0
2.28
2.24
2.24
2.0
1.76
1.52
1.36
1.0
0.72
0.64
0.4
0.0
-0.36
-0.68
-0.96
-0.8
-0.6
-0.32
0.2
0.68
0.84
0.72
0.48
0.12
-0.28
-0.8
-0.8
-0.84
-0.88
-0.68
-0.16
0.0
0.16
0.12
0.04
-0.12
-0.04
0.04
0.24
0.16
0.24
0.36
0.36
0.12
-0.08
-0.44
-0.88
-0.92
-0.64
-0.28
0.0400000000001
0.36
0.72
0.96
1.0
0.76
0.64
0.48
0.56
0.8
1.24
1.32
1.04
0.6
0.2
-0.24
-0.68
-1.12
-1.64
-1.8
-1.32
-0.56
0.0799999999999
0.6
0.8
0.32
-0.16
-0.32
-0.48
-0.68
-0.48
-0.44
-0.56
-0.44
-0.36
-0.6
-0.6
-0.16
0.28
0.56
0.8
0.96
0.8
0.6
0.48
0.28
0.04
-0.12
-0.28
-0.16
-0.0799999999999
-0.4
-0.68
-0.84
-1.16
-1.08
-0.72
-0.72
-0.72
-0.56
-0.44
-0.16
0.4
0.56
0.48
0.24
0.0400000000001
-0.28
-0.68
-1.04
-0.84
-0.76
-0.56
0.08
0.72
0.68
0.84
0.8
0.32
-0.16
-0.56
-1.08
-0.96
-0.2
0.24
0.68
1.16
0.88
0.2
0.04
0.12
-0.2
-0.44
-0.64
-0.76
-1.12
-1.16
-0.72
-0.0400000000001
0.0400000000001
-0.12
-0.36
-0.88
-1.6
-1.72
-1.4
-1.04
-0.68
-0.24
-0.0400000000001
0.08
0.04
-0.16
-0.2
0.0
-0.04
0.0
0.36
0.28
-0.2
-0.12
0.28
0.28
0.04
-0.04
-0.32
-0.96
-1.36
-0.88
-0.4
-0.52
-0.32
0.12
0.0
-0.16
0.28
0.44
0.48
0.6
0.6
0.4
0.2
-0.28
-0.68
-0.8
-1.0
-1.08
-0.8
-0.44
-0.24
-0.12
0.04
0.04
-0.12
-0.32
-0.2
-0.16
-0.28
-0.48
-0.56
-0.68
-0.84
-0.84
-0.76
-0.64
-0.52
-0.32
-0.28
-0.16
-0.16
-0.36
-0.8
-1.12
-1.36
-1.72
-2.16
-2.24
-2.04
-1.68
-1.08
-0.32
0.0799999999999
0.12
-0.2
-0.52
-0.6
-0.48
-0.6
-0.6
-0.52
-0.56
-0.52
-0.36
-0.6
-0.84
-0.88
-1.0
-0.84
-0.32
0.0400000000001
0.04
-0.04
-0.08
-0.04
-0.12
-0.16
0.0
-0.08
-0.12
0.0400000000001
0.12
0.0
0.0
-0.16
-0.28
-0.2
-0.2
-0.36
-0.6
-1.04
-1.56
-1.88
-1.84
-1.48
-0.96
-0.52
-0.2
0.16
0.28
-0.08
-0.36
-0.08
-0.28
-0.6
-0.16
0.4
0.16
0.08
0.12
-0.24
-0.56
-0.44
-0.28
-0.12
0.0
-0.08
-0.24
-0.24
-0.16
-0.2
-0.32
-0.4
-0.32
-0.12
0.2
0.48
0.64
0.48
-0.04
-0.32
-0.36
-0.48
-0.52
-0.346666666667
0.2
0.533333333333
2.33333333333
