2106
3356
3368
3379
3384
3387
3388
3395
3398
3395
3328
3494
3500
3501
3499
3499
3500
3502
3504
3504
3502
3500
3501
3504
3505
3504
3503
3502
3500
3500
3501
3501
3500
3496
3497
3499
3502
3502
3498
3498
3500
3501
3500
3500
3502
3504
3499
3498
3500
3504
3502
3498
3499
3500
3500
3499
3499
3502
3504
3502
3502
3501
3506
3508
3510
3509
3508
3508
3509
3506
3503
3501
3501
3497
3496
3494
3496
3496
3497
3495
3495
3493
3494
3492
3497
3500
3499
3498
3498
3499
3499
3498
3498
3498
3500
3500
3501
3500
3503
3504
3502
3499
3498
3500
3504
3504
3503
3500
3506
3501
3502
3492
3500
3497
3499
3500
3494
3497
3493
3497
3498
3495
3501
3496
3499
3494
3496
3500
3500
3496
3497
3496
3495
3498
3493
3493
3488
3480
3479
3479
3489
3490
3491
3491
3489
3488
3489
3491
3492
3494
3493
3493
3494
3494
3495
3496
3494
3494
3496
3499
3499
3499
3497
3499
3501
3500
3499
3497
3500
3501
3500
3499
3498
3498
3498
3493
3499
3499
3497
3495
3496
3497
3499
3495
3497
3496
3496
3495
3498
3501
3501
3500
3498
3495
3496
3483
3482
3480
3492
3494
3494
3493
3491
3490
3487
3487
3485
3483
3484
3483
3489
3488
3487
3486
3492
3493
3494
3493
3490
3490
3488
3488
3490
3494
3494
3493
3487
3491
3489
3486
3488
3488
3489
3488
3486
3486
3493
3491
3492
3492
3486
3494
3487
3494
3488
3493
3490
3492
3493
3488
3493
3488
3494
3495
3484
3479
3480
3481
3497
3493
3493
3495
3492
3488
3480
3478
3479
3486
3488
3486
3488
3489
3487
3486
3486
3486
3489
3490
