0.333333333333
-0.466666666667
-0.56
-0.666666666667
-0.44
-0.36
-0.16
0.0400000000001
0.2
0.4
0.64
0.6
0.4
0.12
-0.4
-0.88
-1.0
-0.92
-0.76
-0.32
0.12
0.36
0.56
0.68
0.64
0.44
0.2
-0.12
-0.32
-0.4
-0.24
0.0799999999999
0.44
0.68
0.76
0.72
0.64
0.52
0.48
0.44
0.28
0.08
0.04
-0.08
-0.04
0.2
0.44
0.44
0.44
0.36
0.2
0.04
0.0
0.0
-0.0799999999999
-0.16
-0.28
-0.4
-0.56
-0.56
-0.6
-0.6
-0.56
-0.44
-0.4
-0.28
-0.12
-0.0400000000001
0.0
-0.04
-0.2
-0.44
-0.52
-0.6
-0.48
-0.2
0.16
0.36
0.64
0.72
0.72
0.64
0.6
0.32
0.16
-0.04
-0.24
-0.48
-0.44
-0.48
-0.4
-0.24
-0.04
0.0
0.16
0.12
0.08
0.04
0.0
-0.16
-0.16
-0.2
-0.2
-0.12
0.04
0.2
0.4
0.6
0.72
0.76
0.8
0.72
0.44
0.12
-0.16
-0.48
-0.68
-0.64
-0.36
-0.12
0.0799999999999
0.2
0.28
0.16
0.08
0.0400000000001
0.08
-0.12
-0.36
-0.56
-0.8
-1.04
-0.92
-0.68
-0.56
-0.32
-0.2
-0.28
-0.36
-0.24
-0.28
-0.24
-0.16
-0.16
-0.32
-0.32
-0.32
-0.28
-0.08
0.2
0.4
0.64
0.92
1.12
1.24
1.28
1.32
1.2
0.96
0.76
0.64
0.44
0.36
0.32
0.32
0.36
0.44
0.52
0.64
0.76
0.8
0.76
0.56
0.32
-0.0400000000001
-0.28
-0.4
-0.4
-0.24
0.0
0.12
0.24
0.44
0.44
0.48
0.36
0.2
-0.08
-0.24
-0.52
-0.4
-0.32
-0.24
-0.44
-0.32
-0.56
-0.84
-0.96
-0.6
-0.72
-0.6
-0.32
-0.28
-0.48
-0.36
-0.28
-0.36
-0.24
-0.16
-0.16
-0.16
0.0
0.0
0.0
-0.04
-0.24
-0.44
-0.52
-0.48
-0.4
-0.12
0.0
0.08
0.04
0.0
-0.08
-0.0400000000001
-0.0400000000001
-0.0799999999999
-0.12
-0.2
-0.36
-0.48
-0.4
-0.32
-0.28
-0.2
-0.0400000000001
-0.0400000000001
0.0
0.08
0.2
0.2
0.2
0.0799999999999
0.0
-0.12
-0.16
-0.16
0.0
0.12
0.2
0.24
0.32
0.28
0.28
0.32
0.28
0.2
0.2
0.08
0.0
0.0
0.04
0.0400000000001
0.2
0.28
0.48
0.6
0.68
0.6
0.52
0.24
0.0
-0.24
-0.32
-0.32
-0.24
-0.08
0.12
0.2
0.24
0.24
0.0400000000001
-0.16
-0.4
-0.64
-0.8
-0.8
-0.8
-0.64
-0.44
-0.32
-0.24
-0.08
0.28
0.56
0.88
1.12
1.16
0.68
0.32
-0.0400000000001
-0.28
-0.4
-0.28
-0.28
-0.24
-0.24
-0.12
-0.04
0.0400000000001
-0.08
-0.2
-0.48
-0.72
-0.88
-0.76
-0.52
-0.32
-0.0799999999999
0.08
0.2
0.12
0.2
0.16
0.12
-0.0799999999999
-0.16
-0.32
-0.4
-0.4
-0.24
-0.12
-0.08
0.12
0.28
0.32
0.28
0.4
0.24
0.04
-0.12
-0.12
-0.12
-0.0400000000001
0.16
0.4
0.52
0.52
0.56
0.48
0.32
0.12
-0.08
-0.24
-0.36
-0.4
-0.28
-0.16
-0.08
0.04
0.12
0.08
0.04
0.08
0.0400000000001
-0.0400000000001
-0.0400000000001
0.08
0.04
0.04
0.0400000000001
0.0133333333333
-0.2
-0.333333333333
-0.666666666667
