2795.0
2796.0
2795.0
2793.0
2792.0
2792.0
2792.0
2792.0
2792.0
2792.0
2791.0
2793.0
2794.0
2795.0
2797.0
2796.0
2793.0
2791.0
2791.0
2789.0
2789.0
2790.0
2790.0
2791.0
2792.0
2793.0
2793.0
2794.0
2794.0
2794.0
2792.0
2790.0
2790.0
2792.0
2794.0
2795.0
2795.0
2795.0
2796.0
2796.0
2797.0
2798.0
2797.0
2799.0
2797.0
2795.0
2796.0
2798.0
2799.0
2799.0
2799.0
2800.0
2799.0
2799.0
2799.0
2799.0
2800.0
2799.0
2799.0
2797.0
2797.0
2797.0
2796.0
2795.0
2795.0
2794.0
2794.0
2794.0
2794.0
2794.0
2794.0
2795.0
2794.0
2794.0
2792.0
2790.0
2790.0
2792.0
2792.0
2793.0
2793.0
2794.0
2795.0
2797.0
2796.0
2796.0
2796.0
2797.0
2795.0
2795.0
2794.0
2793.0
2793.0
2794.0
2793.0
2794.0
2794.0
2794.0
2794.0
2795.0
2793.0
2794.0
2794.0
2793.0
2793.0
2792.0
2793.0
2794.0
2794.0
2795.0
2795.0
2797.0
2799.0
2798.0
2798.0
2799.0
2799.0
2797.0
2794.0
2794.0
2795.0
2796.0
2796.0
2797.0
2796.0
2796.0
2796.0
2797.0
2797.0
2796.0
2796.0
2797.0
2793.0
2791.0
2791.0
2790.0
2792.0
2792.0
2791.0
2789.0
2790.0
2790.0
2789.0
2789.0
2790.0
2789.0
2789.0
2788.0
2787.0
2787.0
2788.0
2788.0
2788.0
2790.0
2791.0
2792.0
2793.0
2795.0
2798.0
2798.0
2797.0
2799.0
2799.0
2800.0
2800.0
2799.0
2800.0
2801.0
2801.0
2802.0
2802.0
2803.0
2805.0
2805.0
2807.0
2806.0
2805.0
2804.0
2803.0
2803.0
2804.0
2804.0
2803.0
2805.0
2805.0
2805.0
2806.0
2807.0
2807.0
2808.0
2803.0
2804.0
2804.0
2805.0
2804.0
2804.0
2804.0
2803.0
2798.0
2803.0
2799.0
2797.0
2799.0
2800.0
2799.0
2797.0
2797.0
2796.0
2797.0
2798.0
2797.0
2795.0
2796.0
2796.0
2797.0
2797.0
2797.0
2796.0
2795.0
2795.0
2792.0
2794.0
2794.0
2795.0
2795.0
2794.0
2794.0
2794.0
2794.0
2794.0
2794.0
2795.0
2794.0
2792.0
2792.0
2792.0
2792.0
2791.0
2792.0
2792.0
2791.0
2791.0
2792.0
2792.0
2793.0
2792.0
2793.0
2793.0
2792.0
2791.0
2791.0
2792.0
2793.0
2792.0
2793.0
2793.0
2793.0
2794.0
2794.0
2794.0
2795.0
2795.0
2794.0
2794.0
2795.0
2794.0
2795.0
2794.0
2795.0
2796.0
2797.0
2797.0
2799.0
2799.0
2799.0
2798.0
2797.0
2797.0
2797.0
2796.0
2797.0
2797.0
2797.0
2799.0
2798.0
2798.0
2798.0
2797.0
2796.0
2795.0
2793.0
2793.0
2793.0
2793.0
2792.0
2792.0
2793.0
2792.0
2792.0
2793.0
2800.0
2800.0
2799.0
2797.0
2795.0
2796.0
2798.0
2797.0
2796.0
2794.0
2795.0
2796.0
2796.0
2795.0
2796.0
2796.0
2796.0
2792.0
2791.0
2791.0
2791.0
2792.0
2791.0
2793.0
2791.0
2792.0
2792.0
2793.0
2793.0
2793.0
2792.0
2791.0
2790.0
2791.0
2791.0
2790.0
2790.0
2791.0
2792.0
2790.0
2793.0
2793.0
2793.0
2792.0
2792.0
2792.0
2791.0
2791.0
2792.0
2794.0
2793.0
2794.0
2795.0
2795.0
2796.0
2795.0
2795.0
2795.0
2793.0
2793.0
2793.0
2793.0
2794.0
2794.0
2793.0
2793.0
2794.0
2795.0
2794.0
2792.0
2794.0
2794.0
2794.0
2794.0
2794.0
2794.0
2794.0
2793.0
