-0.155555555556
-0.457777777778
-0.496
-0.536888888889
-0.437333333333
-0.317333333333
-0.144
0.0240000000002
0.224
0.376
0.448
0.432
0.272
-0.032
-0.352
-0.616
-0.792
-0.776
-0.576
-0.304
-0.0079999999999
0.28
0.472
0.536
0.504
0.368
0.168
-0.04
-0.176
-0.2
-0.088
0.112
0.344
0.536
0.648
0.664
0.624
0.56
0.472
0.36
0.264
0.152
0.0559999999999
0.0399999999999
0.112
0.192
0.296
0.376
0.376
0.296
0.208
0.12
0.032
-0.0400000000001
-0.104
-0.184
-0.296
-0.392
-0.48
-0.544
-0.576
-0.552
-0.52
-0.456
-0.36
-0.256
-0.168
-0.0960000000001
-0.0800000000001
-0.144
-0.24
-0.36
-0.448
-0.448
-0.328
-0.152
0.0960000000001
0.336
0.52
0.616
0.664
0.6
0.488
0.336
0.16
-0.056
-0.208
-0.336
-0.408
-0.408
-0.32
-0.232
-0.104
0.0
0.0639999999999
0.08
0.08
0.016
-0.0400000000001
-0.0959999999999
-0.144
-0.168
-0.128
-0.0559999999999
0.0639999999999
0.224
0.392
0.536
0.656
0.72
0.688
0.568
0.384
0.128
-0.152
-0.368
-0.464
-0.456
-0.344
-0.168
0.016
0.12
0.16
0.152
0.128
0.0480000000001
-0.0559999999999
-0.184
-0.352
-0.576
-0.736
-0.8
-0.8
-0.704
-0.536
-0.408
-0.344
-0.28
-0.272
-0.28
-0.256
-0.216
-0.232
-0.24
-0.256
-0.28
-0.264
-0.16
-0.0159999999999
0.176
0.416
0.656
0.864
1.04
1.176
1.232
1.2
1.104
0.976
0.8
0.632
0.504
0.416
0.36
0.36
0.392
0.456
0.544
0.632
0.696
0.704
0.64
0.48
0.264
0.032
-0.16
-0.272
-0.264
-0.184
-0.0559999999999
0.112
0.248
0.344
0.392
0.384
0.28
0.144
-0.0560000000001
-0.208
-0.312
-0.344
-0.384
-0.344
-0.376
-0.48
-0.624
-0.656
-0.736
-0.744
-0.64
-0.504
-0.48
-0.408
-0.344
-0.352
-0.344
-0.28
-0.24
-0.216
-0.144
-0.096
-0.064
-0.0400000000001
-0.056
-0.144
-0.248
-0.344
-0.416
-0.392
-0.304
-0.184
-0.08
9.09494701773e-14
0.00799999999999
0.0
-0.0239999999999
-0.048
-0.072
-0.0959999999999
-0.16
-0.248
-0.312
-0.352
-0.368
-0.336
-0.248
-0.176
-0.112
-0.04
0.04
0.0879999999999
0.136
0.152
0.136
0.072
-9.09494701773e-14
-0.0720000000001
-0.0879999999998
-0.0639999999999
0.0
0.0800000000002
0.176
0.232
0.264
0.288
0.296
0.272
0.256
0.216
0.152
0.0959999999999
0.064
0.0320000000002
0.056
0.112
0.208
0.32
0.448
0.528
0.576
0.528
0.408
0.224
0.04
-0.128
-0.224
-0.24
-0.168
-0.0639999999999
0.048
0.144
0.168
0.112
-0.00800000000008
-0.184
-0.392
-0.56
-0.688
-0.736
-0.696
-0.6
-0.488
-0.344
-0.16
0.0399999999999
0.28
0.552
0.8
0.88
0.832
0.648
0.368
0.0559999999999
-0.136
-0.256
-0.296
-0.288
-0.232
-0.184
-0.12
-0.0880000000001
-0.0799999999998
-0.152
-0.288
-0.472
-0.608
-0.672
-0.64
-0.512
-0.32
-0.128
9.09494701773e-14
0.104
0.152
0.16
0.104
0.048
-0.056
-0.168
-0.272
-0.304
-0.296
-0.248
-0.144
-0.00799999999999
0.104
0.184
0.28
0.304
0.256
0.168
0.088
-0.0160000000001
-0.072
-0.048
0.0559999999999
0.184
0.312
0.432
0.496
0.48
0.4
0.28
0.12
-0.048
-0.192
-0.272
-0.288
-0.256
-0.176
-0.0719999999998
9.09494701773e-14
0.04
0.0720000000001
0.0719999999999
0.04
0.0160000000001
0.0240000000001
0.016
0.0160000000001
0.032
0.0426666666665
-0.0133333333334
-0.0622222222222
-0.168
-0.297777777778
-0.488888888889
