-1.66666666667
-0.866666666667
-1.04
-0.626666666667
-0.92
-0.2
0.44
1.12
0.92
1.16
0.44
0.0400000000001
-0.16
0.48
1.12
2.2
2.68
2.16
1.76
1.2
0.84
1.2
2.24
2.12
1.84
1.16
-0.12
-1.0
-1.4
-2.16
-2.8
-3.2
-3.48
-2.56
-0.92
0.56
1.84
2.04
1.04
0.0400000000001
-0.56
-1.04
-1.04
-0.76
-0.72
-0.68
-0.28
0.32
0.76
0.8
0.56
-0.16
-0.68
-0.84
-0.4
-0.12
0.4
0.56
0.68
0.6
0.88
0.92
0.68
0.0400000000001
-0.44
-0.96
-1.24
-1.12
-0.88
-0.84
-0.8
-1.0
-1.16
-1.04
-0.92
-0.76
-0.28
0.32
0.68
1.12
1.0
0.6
-0.0400000000001
-0.44
-0.8
-0.48
0.0
0.52
0.76
0.8
0.52
0.28
0.12
-0.0400000000001
-0.12
-0.08
-0.12
-0.32
-0.24
-0.0799999999999
0.08
0.0
-0.24
-0.76
-1.28
-1.68
-1.44
-1.0
-0.4
0.12
0.2
-0.24
-0.32
-0.32
-0.32
-0.12
0.12
-0.0400000000001
-0.64
-1.48
-2.12
-2.6
-2.6
-1.96
-0.6
0.68
1.76
1.92
1.72
1.08
0.0
-0.84
-1.16
-1.32
-1.72
-0.96
-0.52
0.04
0.32
0.8
0.08
-0.44
-0.96
-1.28
-1.0
0.0
0.96
1.72
2.32
2.12
1.52
0.92
0.2
-0.52
-1.4
-2.36
-3.24
-3.76
-4.0
-3.56
-2.52
-1.4
-0.48
0.44
0.96
0.92
0.8
0.48
-0.28
-0.76
-1.28
-1.92
-2.0
-1.68
-1.64
-1.28
-0.68
-0.56
-0.72
-0.76
-1.0
-1.56
-1.96
-2.0
-1.92
-1.6
-1.12
-0.64
-0.36
-0.2
-0.2
-0.12
0.12
0.32
0.52
0.64
0.8
0.84
1.12
1.36
1.76
1.96
1.96
1.56
1.2
0.52
-0.36
-1.2
-1.8
-2.52
-3.0
-2.96
-2.64
-2.36
-1.84
-1.2
-0.84
-0.626666666667
-0.68
-0.8
-1.66666666667
