-0.888888888889
-0.964444444444
-0.888
-0.750222222222
-0.469333333333
-0.0373333333332
0.272
0.688
0.816
0.736
0.48
0.392
0.384
0.736
1.264
1.728
1.984
2.0
1.728
1.432
1.448
1.52
1.648
1.712
1.448
0.8
0.0959999999999
-0.704
-1.496
-2.112
-2.608
-2.84
-2.592
-1.92
-0.912
0.192
0.912
1.104
0.88
0.304
-0.312
-0.672
-0.824
-0.848
-0.696
-0.424
-0.12
0.184
0.432
0.456
0.256
-0.0639999999999
-0.304
-0.44
-0.328
-0.0800000000001
0.224
0.424
0.624
0.728
0.752
0.624
0.416
0.048
-0.384
-0.744
-0.928
-1.008
-0.976
-0.928
-0.936
-0.968
-0.984
-0.976
-0.832
-0.536
-0.192
0.216
0.568
0.744
0.672
0.448
0.0639999999999
-0.232
-0.352
-0.24
0.0
0.32
0.52
0.576
0.496
0.336
0.152
0.032
-0.048
-0.136
-0.176
-0.168
-0.136
-0.112
-0.0959999999999
-0.2
-0.44
-0.792
-1.08
-1.232
-1.16
-0.88
-0.504
-0.264
-0.128
-0.112
-0.2
-0.264
-0.192
-0.136
-0.2
-0.432
-0.832
-1.376
-1.888
-2.152
-1.976
-1.416
-0.544
0.36
1.096
1.432
1.296
0.776
0.16
-0.448
-1.008
-1.2
-1.136
-0.896
-0.568
-0.0639999999999
0.144
0.16
-0.04
-0.36
-0.72
-0.736
-0.456
0.0799999999999
0.8
1.424
1.728
1.72
1.416
0.848
0.144
-0.632
-1.464
-2.256
-2.952
-3.384
-3.416
-3.048
-2.392
-1.504
-0.6
0.088
0.528
0.72
0.576
0.232
-0.208
-0.752
-1.248
-1.528
-1.704
-1.704
-1.456
-1.168
-0.976
-0.8
-0.744
-0.92
-1.2
-1.456
-1.688
-1.808
-1.72
-1.456
-1.128
-0.784
-0.504
-0.304
-0.152
-0.0160000000001
0.128
0.296
0.48
0.624
0.784
0.952
1.176
1.408
1.632
1.72
1.688
1.44
0.976
0.344
-0.328
-1.072
-1.776
-2.296
-2.584
-2.696
-2.56
-2.2
-1.776
-1.37333333333
-1.03733333333
-0.771555555556
-0.776
-0.804444444444
-1.22222222222
