2390.0
2391.0
2391.0
2391.0
2393.0
2393.0
2393.0
2394.0
2393.0
2393.0
2393.0
2393.0
2393.0
2393.0
2394.0
2393.0
2393.0
2393.0
2393.0
2393.0
2393.0
2393.0
2393.0
2393.0
2392.0
2392.0
2394.0
2392.0
2391.0
2391.0
2391.0
2391.0
2391.0
2392.0
2391.0
2391.0
2391.0
2391.0
2390.0
2391.0
2392.0
2390.0
2391.0
2391.0
2390.0
2391.0
2390.0
2391.0
2391.0
2390.0
2391.0
2390.0
2391.0
2390.0
2391.0
2390.0
2391.0
2391.0
2390.0
2390.0
2389.0
2390.0
2390.0
2390.0
2390.0
2390.0
2390.0
2390.0
2390.0
2391.0
2391.0
2390.0
2391.0
2391.0
2391.0
2391.0
2391.0
2390.0
2391.0
2392.0
2391.0
2391.0
2391.0
2391.0
2391.0
2390.0
2390.0
2390.0
2391.0
2390.0
2390.0
2390.0
2390.0
2390.0
2390.0
2390.0
2390.0
2390.0
2390.0
2390.0
2390.0
2391.0
2390.0
2392.0
2391.0
2390.0
2390.0
2391.0
2391.0
2390.0
2390.0
2391.0
2390.0
2390.0
2390.0
