0.666666666667
0.6
0.56
0.506666666667
0.4
0.28
0.2
0.04
-0.04
0.0
0.0
0.0
0.04
0.04
-0.04
-0.04
-0.04
-0.04
-0.04
-0.04
-0.08
-0.04
-0.08
-0.16
-0.16
-0.16
-0.32
-0.32
-0.2
-0.16
-0.12
0.0
0.04
-0.0799999999999
-0.0799999999999
-0.04
-0.0799999999999
-0.0799999999999
0.04
0.0
-0.08
-0.0400000000001
-0.0400000000001
-0.08
-0.0400000000001
0.0
0.0
0.0
-0.04
0.0
-0.04
0.0
0.0
0.04
-0.04
-0.0400000000001
-0.12
-0.16
-0.16
-0.12
-0.04
0.0
0.04
0.04
0.0799999999999
0.08
0.08
0.12
0.16
0.12
0.08
0.12
0.0400000000001
0.0
0.04
0.04
0.0
0.0799999999999
0.0799999999999
0.0
-0.04
-0.08
-0.16
-0.16
-0.16
-0.12
-0.08
-0.0400000000001
-0.08
-0.04
-0.04
-0.04
-0.04
0.0
0.0
0.0
0.04
0.04
0.12
0.16
0.16
0.08
0.12
0.0
-0.08
-0.08
0.0
-0.08
-0.08
-0.0400000000001
-0.08
-0.12
-0.0666666666666
0.0
