0.622222222222
0.577777777778
0.528
0.459555555556
0.389333333333
0.285333333333
0.176
0.0959999999999
0.0400000000001
0.0
0.0
0.016
0.00799999999999
0.0
-0.00799999999999
-0.024
-0.04
-0.04
-0.048
-0.048
-0.0559999999999
-0.08
-0.104
-0.12
-0.176
-0.224
-0.232
-0.232
-0.224
-0.16
-0.0880000000001
-0.064
-0.048
-0.032
-0.048
-0.0719999999999
-0.048
-0.032
-0.04
-0.0319999999999
-0.024
-0.048
-0.056
-0.0400000000001
-0.0320000000001
-0.0240000000001
-0.0160000000001
-0.00799999999999
-0.016
-0.016
-0.016
9.09494701773e-14
-0.00799999999999
-0.00800000000008
-0.0320000000001
-0.064
-0.104
-0.12
-0.12
-0.0959999999999
-0.0559999999999
-0.016
0.0240000000001
0.048
0.0639999999999
0.08
0.104
0.112
0.112
0.12
0.104
0.0719999999999
0.056
0.048
0.024
0.032
0.048
0.04
0.024
0.00799999999999
-0.04
-0.0880000000001
-0.12
-0.136
-0.136
-0.112
-0.096
-0.0719999999999
-0.0559999999999
-0.048
-0.048
-0.032
-0.024
-0.016
0.0
0.0160000000001
0.04
0.0719999999999
0.104
0.112
0.128
0.104
0.056
0.00800000000008
-0.00799999999999
-0.048
-0.064
-0.056
-0.056
-0.08
-0.0826666666667
-0.08
-0.0933333333332
-0.0666666666666
