0.244444444445
0.275555555556
0.304
0.343111111111
0.378666666667
0.442666666667
0.512
0.568
0.616
0.648
0.64
0.616
0.56
0.48
0.4
0.312
0.208
0.112
0.032
-0.0559999999999
-0.104
-0.12
-0.12
-0.112
-0.088
-0.112
-0.16
-0.216
-0.28
-0.36
-0.4
-0.432
-0.456
-0.488
-0.504
-0.552
-0.608
-0.704
-0.8
-0.936
-1.048
-1.136
-1.152
-1.12
-0.984
-0.816
-0.64
-0.472
-0.32
-0.248
-0.144
0.088
0.28
0.448
0.648
0.672
0.312
0.00799999999999
-0.256
-0.504
-0.568
-0.272
-0.0400000000001
0.136
0.24
0.248
0.12
0.00800000000008
-0.104
-0.184
-0.232
-0.24
-0.208
-0.08
0.128
0.376
0.616
0.848
1.0
1.064
1.072
1.072
1.04
1.0
0.968
0.92
0.848
0.752
0.664
0.552
0.456
0.352
0.28
0.2
0.16
0.12
0.104
0.0799999999999
0.072
0.04
0.0160000000002
-0.0079999999999
-0.032
-0.056
-0.0639999999999
-0.0800000000001
-0.104
-0.128
-0.168
-0.208
-0.24
-0.264
-0.264
-0.232
-0.184
-0.12
-0.04
0.032
0.104
0.16
0.2
0.224
0.248
0.248
0.248
0.24
0.224
0.176
0.12
0.048
-0.016
-0.08
-0.144
-0.224
-0.32
-0.456
-0.608
-0.704
-0.72
-0.664
-0.528
-0.336
-0.176
-0.048
0.0800000000001
0.2
0.32
0.464
0.568
0.584
0.536
0.424
0.264
0.128
0.0400000000001
-0.0160000000001
-0.048
-0.0639999999999
-0.088
-0.104
-0.128
-0.136
-0.128
-0.104
-0.08
-0.0399999999999
-0.00799999999999
0.024
0.056
0.048
0.0
-0.0719999999999
-0.2
-0.384
-0.52
-0.576
-0.552
-0.408
-0.136
0.152
0.4
0.552
0.6
0.52
0.384
0.208
0.08
-0.016
-0.0559999999999
-0.0719999999999
-0.048
-0.032
-0.016
-0.00799999999999
0.0
0.0
-0.00799999999999
-0.0160000000001
-0.032
-0.0559999999999
-0.08
-0.08
-0.0773333333333
-0.0453333333334
0.00711111111104
0.08
0.155555555556
0.244444444445
