0.333333333333
0.266666666667
0.28
0.293333333333
0.4
0.44
0.48
0.6
0.64
0.68
0.68
0.64
0.56
0.52
0.4
0.28
0.24
0.12
0.0
-0.08
-0.12
-0.2
-0.12
-0.08
-0.08
-0.0799999999999
-0.08
-0.24
-0.32
-0.36
-0.4
-0.48
-0.44
-0.48
-0.48
-0.56
-0.56
-0.68
-0.76
-0.96
-1.04
-1.24
-1.24
-1.2
-1.04
-0.88
-0.56
-0.4
-0.32
-0.2
-0.12
-0.2
0.12
0.84
0.76
0.72
0.8
0.24
-0.96
-0.76
-0.6
-0.44
-0.08
0.52
0.4
0.28
0.08
-0.04
-0.12
-0.16
-0.28
-0.32
-0.28
-0.16
0.0
0.36
0.72
0.96
1.04
1.16
1.12
1.04
1.0
1.04
1.0
0.92
0.88
0.76
0.68
0.52
0.48
0.32
0.28
0.16
0.16
0.0799999999999
0.12
0.08
0.08
0.0400000000001
0.0400000000001
-0.0400000000001
-0.0400000000001
-0.0400000000001
-0.08
-0.08
-0.0799999999999
-0.12
-0.16
-0.2
-0.28
-0.28
-0.28
-0.28
-0.2
-0.12
-0.0400000000001
0.0400000000001
0.12
0.16
0.24
0.24
0.24
0.24
0.28
0.24
0.24
0.2
0.16
0.0400000000001
-0.0400000000001
-0.12
-0.12
-0.16
-0.28
-0.44
-0.6
-0.8
-0.92
-0.76
-0.52
-0.32
-0.12
0.0400000000001
0.0400000000001
0.12
0.32
0.48
0.64
0.76
0.64
0.4
0.24
0.08
-0.04
-0.04
-0.04
-0.04
-0.08
-0.12
-0.16
-0.12
-0.16
-0.12
-0.08
-0.04
0.0
0.04
0.04
0.08
0.12
-0.04
-0.2
-0.32
-0.56
-0.8
-0.72
-0.48
-0.2
0.16
0.56
0.72
0.76
0.56
0.4
0.16
0.04
-0.12
-0.08
-0.08
-0.04
-0.04
0.0
0.0
0.0
0.0
0.0
0.0
-0.04
-0.04
-0.08
-0.12
-0.12
-0.0400000000001
-0.0266666666667
0.08
0.2
0.333333333333
