2387.0
2387.0
2388.0
2388.0
2387.0
2389.0
2389.0
2389.0
2390.0
2390.0
2392.0
2392.0
2393.0
2393.0
2394.0
2395.0
2394.0
2395.0
2395.0
2395.0
2395.0
2395.0
2394.0
2394.0
2394.0
2394.0
2394.0
2395.0
2394.0
2393.0
2393.0
2393.0
2392.0
2392.0
2391.0
2391.0
2390.0
2390.0
2389.0
2389.0
2387.0
2387.0
2385.0
2384.0
2382.0
2381.0
2379.0
2380.0
2380.0
2379.0
2379.0
2379.0
2379.0
2378.0
2379.0
2379.0
2377.0
2386.0
2394.0
2377.0
2378.0
2377.0
2379.0
2380.0
2380.0
2381.0
2381.0
2381.0
2381.0
2380.0
2381.0
2380.0
2380.0
2380.0
2379.0
2378.0
2378.0
2380.0
2382.0
2382.0
2384.0
2385.0
2386.0
2386.0
2388.0
2389.0
2390.0
2391.0
2391.0
2393.0
2392.0
2394.0
2393.0
2394.0
2394.0
2394.0
2394.0
2394.0
2394.0
2395.0
2394.0
2395.0
2394.0
2394.0
2395.0
2394.0
2394.0
2394.0
2394.0
2394.0
2394.0
2393.0
2393.0
2393.0
2392.0
2392.0
2392.0
2392.0
2392.0
2392.0
2392.0
2393.0
2393.0
2393.0
2393.0
2394.0
2394.0
2394.0
2394.0
2395.0
2395.0
2395.0
2394.0
2394.0
2394.0
2394.0
2394.0
2394.0
2393.0
2390.0
2389.0
2389.0
2389.0
2389.0
2390.0
2390.0
2389.0
2389.0
2389.0
2390.0
2393.0
2394.0
2393.0
2393.0
2393.0
2393.0
2393.0
2393.0
2393.0
2393.0
2393.0
2392.0
2393.0
2392.0
2392.0
2392.0
2392.0
2392.0
2392.0
2392.0
2392.0
2393.0
2392.0
2392.0
2393.0
2393.0
2390.0
2388.0
2389.0
2388.0
2388.0
2389.0
2390.0
2393.0
2392.0
2393.0
2392.0
2393.0
2392.0
2392.0
2392.0
2392.0
2392.0
2392.0
2392.0
2392.0
2392.0
2392.0
2392.0
2392.0
2392.0
2392.0
2392.0
2391.0
2392.0
2391.0
2391.0
2392.0
2392.0
