0.666666666667
0.826666666667
0.704
0.506666666667
0.24
-0.136
-0.48
-0.728
-0.752
-0.784
-0.656
-0.536
-0.416
-0.408
-0.32
-0.216
-0.08
0.04
0.168
0.2
0.184
0.0960000000001
0.08
0.0559999999999
0.0399999999999
-0.032
-0.0639999999999
-0.208
-0.408
-0.656
-0.992
-1.416
-1.784
-2.008
-1.944
-1.496
-0.768
-0.0160000000001
0.632
0.984
1.0
0.784
0.592
0.464
0.448
0.528
0.616
0.64
0.6
0.512
0.416
0.376
0.352
0.384
0.464
0.552
0.6
0.632
0.592
0.504
0.392
0.28
0.176
0.112
0.08
0.0400000000001
-0.00800000000008
-0.104
-0.2
-0.304
-0.376
-0.424
-0.336
-0.264
-0.2
-0.152
-0.0639999999999
-0.08
-0.0720000000001
-0.0879999999998
-0.0559999999999
-0.048
0.0240000000001
0.128
0.32
0.424
0.44
0.232
-0.192
-0.84
-1.44
-1.944
-2.032
-1.712
-0.992
-0.264
0.4
0.688
0.592
0.112
-0.408
-0.864
-1.104
-1.104
-0.856
-0.512
-0.088
0.28
0.584
0.808
0.984
0.968
0.864
0.64
0.328
0.0
-0.192
-0.232
-0.136
0.0639999999999
0.192
0.176
1.81898940355e-13
-0.2
-0.456
-0.608
-0.6
-0.488
-0.36
-0.176
0.0160000000001
0.192
0.36
0.464
0.488
0.456
0.296
0.176
0.048
0.0399999999998
0.0240000000002
0.12
0.104
0.144
0.0880000000001
0.0799999999999
0.00799999999999
-0.12
-0.312
-0.6
-0.912
-1.088
-0.928
-0.536
0.168
0.784
1.12
1.0
0.448
-0.432
-1.152
-1.544
-1.504
-1.008
-0.32
0.28
0.68
0.784
0.6
0.376
0.221333333333
0.181333333333
0.267555555556
0.576
0.897777777778
1.42222222222
