-7.51111111111
-4.12888888889
-0.2
3.86222222222
7.37333333333
10.0453333333
11.152
10.36
7.408
3.44
-0.744
-4.36
-6.76
-7.544
-7.04
-5.704
-4.04
-2.536
-1.48
-0.992
-0.984
-1.328
-1.928
-2.68
-3.2
-3.472
-3.464
-3.008
-2.12
-1.424
-0.896
-0.52
-0.432
-0.648
-0.712
-0.704
-0.712
-0.744
-0.736
-0.784
-0.8
-0.72
-0.504
-0.224
0.08
0.32
0.464
0.488
0.384
0.168
-0.08
-0.328
-0.52
-0.576
-0.496
-0.312
-0.04
0.248
0.456
0.576
0.576
0.44
0.208
-0.04
-0.28
-0.44
-0.496
-0.456
-0.352
-0.208
-0.088
-0.024
-0.00799999999995
-0.04
-0.12
-0.2
-0.208
-0.184
-0.144
-0.064
0.00799999999999
0.016
0.0239999999999
0.0400000000001
0.024
-0.00799999999999
-0.0880000000001
-0.248
-0.456
-0.656
-0.816
-0.856
-0.792
-0.656
-0.496
-0.336
-0.24
-0.168
-0.112
-0.08
-0.096
-0.128
-0.24
-0.416
-0.592
-0.712
-0.784
-0.728
-0.584
-0.392
-0.2
-0.00799999999999
0.136
0.248
0.296
0.272
0.176
-9.09494701773e-14
-0.232
-0.456
-0.6
-0.664
-0.616
-0.464
-0.248
-0.048
0.136
0.288
0.384
0.408
0.408
0.368
0.248
0.08
-0.096
-0.304
-0.488
-0.56
-0.544
-0.456
-0.288
-0.112
0.00799999999995
0.08
0.104
0.08
0.04
-0.016
-0.088
-0.184
-0.296
-0.408
-0.472
-0.488
-0.424
-0.312
-0.168
-0.04
0.072
0.128
0.176
0.192
0.184
0.144
0.072
-0.056
-0.192
-0.312
-0.384
-0.36
-0.256
-0.096
0.104
0.296
0.424
0.512
0.544
0.496
0.384
0.24
0.056
-0.152
-0.336
-0.456
-0.52
-0.52
-0.448
-0.328
-0.208
-0.0879999999999
0.016
0.104
0.152
0.168
0.144
0.08
-0.048
-0.192
-0.328
-0.424
-0.472
-0.424
-0.32
-0.176
-0.048
0.088
0.16
0.192
0.152
0.096
-0.024
-0.16
-0.296
-0.368
-0.408
-0.384
-0.28
-0.16
-0.056
0.04
0.12
0.136
0.144
0.128
0.072
-0.032
-0.152
-0.304
-0.456
-0.56
-0.592
-0.56
-0.456
-0.304
-0.152
-0.016
0.096
0.16
0.184
0.168
0.088
-0.04
-0.192
-0.368
-0.52
-0.6
-0.616
-0.568
-0.456
-0.328
-0.216
-0.12
-0.056
-0.04
-0.056
-0.112
-0.2
-0.32
-0.424
-0.512
-0.536
-0.512
-0.424
-0.32
-0.192
-0.096
-0.024
0.024
0.048
0.024
-0.024
-0.096
-0.216
-0.344
-0.456
-0.528
-0.568
-0.544
-0.48
-0.384
-0.288
-0.176
-0.08
-0.00800000000004
0.032
0.024
-0.04
-0.136
-0.256
-0.376
-0.456
-0.48
-0.456
-0.384
-0.288
-0.176
-0.0880000000001
-0.024
0.016
0.032
4.54747350886e-14
-0.0559999999999
-0.136
-0.24
-0.352
-0.432
-0.472
-0.464
-0.4
-0.288
-0.176
-0.0640000000001
0.016
0.04
0.00799999999995
-0.056
-0.168
-0.288
-0.392
-0.472
-0.52
-0.528
-0.504
-0.456
-0.4
-0.344
-0.28
-0.232
-0.208
-0.216
-0.256
-0.352
-0.472
-0.592
-0.664
-0.68
-0.616
-0.496
-0.352
-0.232
-0.152
-0.12
-0.128
-0.16
-0.208
-0.264
-0.336
-0.424
-0.504
-0.552
-0.576
-0.552
-0.472
-0.384
-0.312
-0.232
-0.16
-0.128
-0.096
-0.08
-0.112
-0.216
-0.344
-0.528
-0.696
-0.816
-0.84
-0.8
-0.664
-0.504
-0.344
-0.216
-0.112
-0.064
-0.056
-0.088
-0.152
-0.256
-0.36
-0.44
-0.464
-0.432
-0.32
-0.176
-0.024
0.096
0.176
0.2
0.2
0.176
0.128
0.0800000000001
-0.00800000000004
-0.109333333333
-0.28
-0.453333333333
-0.733333333333
