-11.0
-6.33333333333
-5.6
5.2
9.6
13.8
16.8
18.6
9.6
3.0
-3.2
-8.0
-11.2
-11.4
-9.0
-6.0
-2.4
-0.6
-0.2
-0.2
-0.6
-0.8
-1.2
-3.2
-3.4
-4.0
-5.6
-5.6
-0.4
-0.4
-0.4
0.8
0.8
-2.4
-1.6
-0.6
0.0
-0.4
-0.6
-1.0
-1.2
-1.4
-0.6
-0.2
0.4
0.6
0.6
0.8
0.8
0.2
0.0
-0.4
-1.0
-1.0
-0.8
-0.6
0.0
0.6
0.6
0.8
1.0
0.8
0.2
0.0
-0.6
-0.8
-0.8
-0.6
-0.4
0.0
0.0
0.0
0.2
0.2
0.0
-0.6
-0.4
-0.2
-0.4
0.0
0.6
0.0
-0.2
0.0
-0.2
0.2
0.4
0.0
-0.4
-0.8
-1.4
-1.2
-1.0
-0.6
-0.4
0.0
-0.2
-0.2
-0.2
0.0
-0.2
0.2
0.2
-0.4
-0.8
-0.8
-1.4
-1.0
-0.6
-0.2
-0.2
0.2
0.0
0.4
0.4
0.4
0.6
0.2
-0.2
-0.8
-0.8
-1.0
-1.0
-0.6
0.0
0.0
0.2
0.4
0.6
0.4
0.4
0.6
0.4
0.0
0.2
-0.2
-1.0
-0.8
-0.8
-0.8
-0.2
0.2
0.2
0.2
0.2
0.0
0.0
0.0
0.0
0.0
-0.2
-0.6
-0.6
-0.8
-0.6
-0.4
0.0
0.0
0.4
0.0
0.2
0.2
0.2
0.2
0.4
0.0
-0.2
-0.4
-0.8
-0.6
-0.4
-0.2
0.2
0.6
0.4
0.6
0.8
0.6
0.4
0.4
0.2
-0.2
-0.6
-0.6
-0.6
-0.8
-0.6
-0.2
-0.2
0.0
0.0
0.2
0.2
0.2
0.2
0.4
0.0
-0.2
-0.4
-0.6
-0.8
-0.6
-0.4
0.0
-0.2
0.4
0.2
0.4
0.0
0.4
0.0
0.0
-0.6
-0.4
-0.6
-0.8
-0.2
0.0
0.0
0.0
0.4
0.0
0.2
0.2
0.2
0.0
0.0
-0.2
-0.6
-0.8
-0.8
-0.8
-0.6
-0.2
0.0
0.0
0.2
0.2
0.2
0.4
0.2
0.0
0.0
-0.4
-0.8
-0.8
-0.8
-0.8
-0.4
-0.2
-0.2
0.0
0.0
0.0
0.0
0.0
0.0
-0.4
-0.4
-0.8
-0.6
-0.8
-0.4
-0.4
0.0
0.0
0.0
0.0
0.2
0.0
0.0
0.2
-0.2
-0.4
-0.6
-0.6
-0.8
-0.6
-0.6
-0.2
-0.4
-0.2
0.0
0.0
0.2
0.2
0.0
0.0
-0.2
-0.6
-0.6
-0.6
-0.6
-0.4
-0.4
0.0
0.0
0.0
0.0
0.2
0.0
0.0
0.0
-0.2
-0.4
-0.6
-0.6
-0.6
-0.6
-0.2
-0.2
0.0
0.2
0.2
0.0
0.2
-0.2
-0.4
-0.4
-0.6
-0.6
-0.6
-0.6
-0.4
-0.4
-0.4
-0.2
-0.2
-0.2
-0.2
0.0
-0.2
-0.4
-0.8
-0.8
-1.0
-0.8
-0.6
-0.2
0.0
0.0
0.0
-0.2
-0.2
-0.2
-0.2
-0.2
-0.4
-0.6
-0.6
-0.8
-0.8
-0.4
-0.2
-0.4
-0.2
0.0
-0.2
-0.2
0.0
0.2
-0.2
0.0
-0.6
-0.8
-1.2
-1.0
-1.2
-0.6
-0.4
-0.2
-0.2
0.0
0.0
0.0
0.0
0.0
-0.2
-0.4
-0.6
-0.6
-0.8
-0.4
-0.2
0.2
0.2
0.4
0.2
0.2
0.2
0.0
0.2
0.2
0.0
-0.4
-0.666666666667
-1.0
