-8.33333333333
-6.6
-1.0
3.42666666667
7.96
12.8
13.68
12.36
8.96
4.0
-1.96
-6.16
-8.56
-9.12
-8.0
-5.88
-3.64
-1.88
-0.8
-0.48
-0.6
-1.2
-1.84
-2.52
-3.48
-4.36
-3.8
-3.2
-2.48
-1.2
0.08
-0.32
-0.56
-0.6
-0.76
-1.0
-0.64
-0.52
-0.64
-0.92
-0.96
-0.88
-0.6
-0.24
0.16
0.44
0.64
0.6
0.48
0.28
-0.08
-0.44
-0.64
-0.76
-0.68
-0.36
-0.04
0.28
0.6
0.76
0.68
0.56
0.28
-0.08
-0.4
-0.56
-0.64
-0.52
-0.36
-0.2
-0.04
0.08
0.08
-0.04
-0.12
-0.2
-0.32
-0.32
-0.08
0.0
0.0
0.08
0.04
-0.04
0.04
0.08
0.0
-0.12
-0.44
-0.76
-0.96
-1.0
-0.92
-0.64
-0.44
-0.28
-0.2
-0.12
-0.16
-0.08
0.0
-0.04
-0.2
-0.32
-0.64
-0.88
-0.92
-0.8
-0.68
-0.36
-0.16
0.04
0.16
0.28
0.36
0.4
0.28
0.04
-0.2
-0.52
-0.76
-0.84
-0.68
-0.52
-0.28
0.0
0.24
0.32
0.4
0.48
0.48
0.36
0.32
0.2
-0.12
-0.36
-0.52
-0.72
-0.72
-0.48
-0.28
-0.08
0.12
0.16
0.12
0.08
0.04
0.0
-0.04
-0.16
-0.28
-0.44
-0.56
-0.6
-0.48
-0.36
-0.12
0.0
0.12
0.16
0.2
0.16
0.24
0.2
0.12
0.0
-0.2
-0.4
-0.48
-0.48
-0.36
-0.08
0.12
0.32
0.52
0.6
0.56
0.56
0.48
0.28
0.04
-0.16
-0.36
-0.56
-0.64
-0.56
-0.48
-0.36
-0.2
-0.04
0.04
0.12
0.16
0.24
0.2
0.12
0.0
-0.16
-0.4
-0.52
-0.56
-0.48
-0.4
-0.16
0.0
0.16
0.16
0.28
0.2
0.16
-0.04
-0.12
-0.32
-0.48
-0.52
-0.4
-0.32
-0.2
0.04
0.08
0.12
0.16
0.2
0.12
0.12
0.04
-0.12
-0.32
-0.48
-0.64
-0.72
-0.64
-0.48
-0.32
-0.12
0.04
0.12
0.2
0.24
0.2
0.16
0.04
-0.2
-0.4
-0.56
-0.72
-0.72
-0.6
-0.48
-0.32
-0.16
-0.08
-0.04
0.0
0.0
-0.08
-0.16
-0.32
-0.44
-0.6
-0.6
-0.6
-0.44
-0.32
-0.16
-0.08
0.04
0.04
0.04
0.08
0.04
-0.08
-0.2
-0.32
-0.52
-0.6
-0.64
-0.56
-0.52
-0.4
-0.28
-0.16
-0.08
0.04
0.08
0.08
0.04
-0.12
-0.28
-0.4
-0.52
-0.56
-0.52
-0.4
-0.28
-0.16
-0.08
0.04
0.04
0.04
0.04
0.0
-0.12
-0.24
-0.36
-0.48
-0.56
-0.52
-0.44
-0.32
-0.16
0.0
0.04
0.12
0.08
-0.04
-0.16
-0.28
-0.44
-0.52
-0.56
-0.56
-0.52
-0.48
-0.4
-0.32
-0.28
-0.24
-0.16
-0.16
-0.2
-0.32
-0.44
-0.64
-0.76
-0.8
-0.68
-0.52
-0.32
-0.16
-0.08
-0.08
-0.12
-0.16
-0.2
-0.24
-0.32
-0.4
-0.52
-0.64
-0.64
-0.56
-0.52
-0.4
-0.24
-0.2
-0.2
-0.12
-0.04
-0.08
-0.04
-0.12
-0.28
-0.56
-0.72
-0.96
-0.96
-0.88
-0.68
-0.52
-0.28
-0.16
-0.08
-0.04
0.0
-0.04
-0.12
-0.24
-0.36
-0.52
-0.56
-0.52
-0.36
-0.2
0.04
0.16
0.24
0.24
0.2
0.16
0.16
0.12
0.0
-0.04
-0.28
-0.533333333333
-1.0
