3490
3350
3344
0
2444
2501
2624
2699
2848
2971
3053
3140
3191
3211
3241
3321
3473
3543
3547
3504
3468
3437
3406
3392
3379
3373
3362
3350
3344
0
2444
2501
2624
2699
2848
2971
3053
3140
3191
3211
3241
3321
3473
3543
3547
3504
3468
3437
3406
3392
3379
3373
3362
3350
3344
0
3294
3297
3306
3307
3311
3321
3337
3346
3353
3354
3355
3355
3350
3344
3338
3331
3330
3329
3331
3333
3334
3332
3325
3327
3333
3344
3349
3350
3348
3348
3348
3346
3350
3354
3353
3353
3358
3361
3362
3362
3361
3359
3359
3362
3365
3364
3360
3363
3364
3364
3356
3353
3357
3366
3360
3366
3362
3368
3363
3362
3358
3361
3374
3376
3380
3377
3372
3367
3379
3384
3387
3392
3386
3379
3381
3380
3380
3383
3369
3359
3357
3358
3373
3382
3378
3371
3368
3368
3370
3372
3370
3366
3363
3365
3367
3370
3374
3373
3371
3363
3364
3364
3370
3373
3370
3365
3367
3371
3378
3375
3373
3371
3366
3367
3368
3368
3368
3364
3362
3362
3364
3360
3358
3360
3359
3364
3364
3367
3367
3367
3361
3358
3360
3364
3366
3366
3364
3366
3367
3366
3364
3364
3368
3366
3364
3363
3363
3365
3367
3366
3366
3360
3356
3355
3355
3359
3363
3358
3358
3357
3354
3355
3358
3361
3359
3354
3353
3354
3349
3340
3338
3339
3350
3353
3355
3354
3352
3350
3352
3354
3343
3344
3342
3347
3343
3351
3347
3348
3349
3344
3341
3337
3341
3343
3352
3356
3351
3353
3352
3355
3356
3350
3347
3343
3336
3332
3327
3328
3328
3328
3334
3332
3332
3336
3333
3335
3334
3328
3325
3326
3323
3320
3322
3322
3320
3320
3321
3319
3315
3313
3311
3308
3306
3307
3308
3310
3307
3305
3306
3307
3309
3308
3310
3310
3311
3311
3313
3316
3321
3321
3323
3323
3322
3322
3322
3318
3311
3307
3308
3305
3301
3300
3300
3301
3301
3300
3298
