-16.0
-13.0
-10.52
-7.88
-5.44
-2.72
-0.68
0.8
38.36
65.68
83.44
95.92
108.2
48.68
3.12
-26.12
-45.56
-65.44
-52.84
-40.88
-35.16
-33.68
-31.28
-25.36
-22.48
-19.44
-16.0
-12.28
-8.84
-5.44
-2.72
-0.68
0.8
2.04
2.28
2.16
2.16
2.08
1.36
1.0
0.64
0.24
-0.08
-0.12
-0.2
-0.24
-0.36
-0.48
-0.44
-0.4
-0.36
-0.24
-0.12
-0.16
-0.28
-0.4
-0.56
-0.72
-0.76
-0.68
-0.56
-0.36
-0.16
-0.04
0.12
0.24
0.2
0.08
0.08
-0.08
-0.28
-0.56
-0.68
-1.0
-1.28
-1.56
-1.48
-1.52
-1.36
-1.08
-0.64
-0.44
-0.12
0.12
0.24
0.16
0.12
-0.0400000000001
-0.16
-0.2
-0.04
0.08
0.24
0.32
0.4
0.28
0.2
0.0
-0.16
-0.36
-0.48
-0.6
-0.44
-0.32
-0.16
0.08
0.32
0.4
0.56
0.52
0.28
0.08
-0.2
-0.48
-0.48
-0.32
-0.2
0.0400000000001
0.24
0.28
0.28
0.2
0.0799999999999
-0.12
-0.28
-0.44
-0.44
-0.44
-0.32
-0.24
-0.24
-0.36
-0.44
-0.56
-0.6
-0.6
-0.56
-0.6
-0.56
-0.56
-0.4
-0.2
0.04
0.12
0.2
0.16
0.0
-0.08
-0.12
-0.2
-0.32
-0.28
-0.36
-0.4
-0.36
-0.24
-0.2
-0.16
-0.0400000000001
0.08
0.12
0.16
0.24
0.12
-0.12
-0.32
-0.56
-0.8
-0.88
-0.88
-0.84
-0.72
-0.6
-0.52
-0.44
-0.48
-0.64
-0.88
-1.16
-1.4
-1.48
-1.44
-1.32
-1.12
-1.0
-1.0
-1.04
-1.04
-1.0
-0.96
-0.88
-0.8
-0.72
-0.76
-0.68
-0.6
-0.4
-0.24
0.0
0.12
0.2
0.04
-0.12
-0.44
-0.8
-1.04
-1.12
-1.24
-1.16
-0.88
-0.68
-0.48
-0.2
0.0400000000001
0.12
0.12
-0.04
-0.32
-0.68
-1.0
-1.2
-1.2
-1.04
-0.88
-0.68
-0.56
-0.56
-0.64
-0.68
-0.8
-0.8
-0.76
-0.72
-0.6
-0.4
-0.28
-0.08
0.12
0.16
0.2
0.24
0.12
-0.0400000000001
-0.08
-0.2
-0.32
-0.32
-0.28
-0.24
-0.16
-0.0799999999999
-0.08
-0.0400000000001
-0.12
-0.28
-0.48
-0.64
-0.84
-0.96
-0.96
-0.92
-0.8
-0.64
-0.44
-0.32
-0.16
-0.16
-0.2
-0.28
-0.28
-0.32
-0.28
-0.28
-0.28
-0.24
-0.16
0.0
0.2
0.36
0.36
0.28
0.0400000000001
-0.2
-0.32
-0.32
-0.36
-0.28
-0.2
-0.28
-0.4
-0.36
-0.36
-0.4
-0.32
-0.28
-0.4
-0.52
-0.56
-0.64
-0.68
-0.56
-0.48
-0.48
-0.52
-0.52
-0.6
-0.56
-0.52
-0.44
-0.4
-0.36
-0.44
-0.44
-0.36
-0.28
-0.2
-0.12
-0.0400000000001
-0.0400000000001
-0.08
-0.16
-0.12
-0.12
-0.16
-0.12
0.0
0.04
0.12
0.2
0.2
0.2
0.08
-0.12
-0.32
-0.48
-0.76
-0.92
-1.04
-1.04
-1.04
-0.96
-0.84
-0.72
-0.64
-0.48
-0.32
-0.12
0.0400000000001
0.0799999999999
0.0
-0.12
-0.36
-0.48
-0.48
-0.44
-0.36
-0.24
-0.28
-0.36
-0.4
-0.32
-0.28
-0.16
-0.04
0.0
-0.12
-0.12
-0.2
-0.28
-0.32
-0.36
-0.52
-0.48
-0.44
-0.44
-0.44
-0.44
-0.6
-0.76
-0.84
-0.88
-0.84
-0.72
-0.64
-0.6
-0.48
-0.4
-0.4
-0.4
-0.4
-0.44
-0.48
-0.48
-0.4
-0.28
-0.28
-0.28
-0.32
-0.36
-0.52
-0.626666666667
-0.68
-0.8
-0.666666666667
