68.2222222222
68.8044444444
54.736
40.0275555556
19.9893333333
-0.0746666666666
-17.72
-27.6
-31.544
-30.624
-26.52
-21.784
-18.352
-16.408
-16.656
-18.32
-20.856
-23.176
-24.648
-21.248
-13.344
-0.536
15.808
34.016
49.16
59.368
60.896
53.32
38.584
19.368
-1.184
-17.72
-27.6
-31.544
-30.624
-26.52
-21.784
-18.352
-16.408
-15.08
-13.8
-12.32
-10.208
-7.232
-4.192
-1.496
0.808
2.696
3.904
4.768
5.208
5.168
4.56
3.6
2.256
0.792
-0.648
-1.904
-2.952
-3.52
-3.616
-3.296
-2.656
-1.768
-0.976
-0.376
0.08
0.424
0.6
0.68
0.736
0.824
0.976
1.232
1.632
2.112
2.44
2.504
2.376
2.08
1.624
1.2
0.952
0.816
0.728
0.728
0.76
0.736
0.64
0.616
0.688
0.888
1.168
1.552
1.872
2.096
2.152
2.104
1.952
1.776
1.528
1.272
1.048
0.824
0.552
0.28
0.0
-0.32
-0.56
-0.68
-0.672
-0.496
-0.168
0.16
0.424
0.584
0.568
0.376
0.048
-0.256
-0.52
-0.72
-0.8
-0.672
-0.512
-0.312
-0.112
0.0320000000001
0.0400000000001
0.032
0.00800000000008
0.032
0.056
0.128
0.208
0.272
0.248
0.2
0.0639999999999
-0.184
-0.44
-0.592
-0.632
-0.536
-0.288
0.04
0.36
0.616
0.76
0.816
0.768
0.688
0.648
0.744
0.88
0.992
1.0
0.88
0.584
0.184
-0.248
-0.696
-1.096
-1.312
-1.288
-1.048
-0.6
-0.08
0.248
0.328
0.248
0.032
-0.264
-0.424
-0.48
-0.528
-0.52
-0.456
-0.48
-0.512
-0.432
-0.288
-0.104
0.176
0.488
0.68
0.744
0.728
0.624
0.44
0.256
0.08
-0.048
-0.12
-0.208
-0.32
-0.432
-0.632
-0.832
-0.896
-0.904
-0.88
-0.76
-0.632
-0.52
-0.296
-0.0400000000001
0.168
0.304
0.344
0.208
-0.04
-0.344
-0.56
-0.72
-0.776
-0.624
-0.272
0.0319999999999
0.352
0.624
0.672
0.496
0.248
-0.136
-0.488
-0.592
-0.512
-0.264
0.184
0.552
0.632
0.592
0.48
0.208
-0.0559999999999
-0.224
-0.384
-0.632
-0.824
-0.88
-0.76
-0.6
-0.4
-0.24
-0.272
-0.584
-0.936
-1.192
-1.328
-1.288
-1.016
-0.68
-0.384
-0.168
-0.0639999999999
-0.056
-0.048
-0.072
-0.08
0.0239999999999
0.12
0.08
0.0639999999999
0.12
0.104
0.0559999999999
0.088
0.0480000000001
-0.2
-0.528
-0.712
-0.784
-0.824
-0.696
-0.4
-0.224
-0.176
-0.016
0.136
0.208
0.328
0.48
0.504
0.456
0.304
0.048
-0.232
-0.512
-0.768
-0.872
-0.824
-0.712
-0.536
-0.312
-0.144
-0.0799999999999
-0.096
-0.112
-0.152
-0.216
-0.288
-0.336
-0.432
-0.568
-0.68
-0.736
-0.752
-0.72
-0.616
-0.504
-0.384
-0.288
-0.256
-0.352
-0.52
-0.76
-1.072
-1.432
-1.72
-1.904
-1.968
-1.84
-1.472
-1.008
-0.576
-0.28
-0.168
-0.224
-0.336
-0.48
-0.56
-0.56
-0.552
-0.56
-0.512
-0.512
-0.576
-0.64
-0.736
-0.832
-0.776
-0.6
-0.416
-0.224
-0.0719999999998
-0.0160000000001
-0.048
-0.0880000000001
-0.08
-0.0799999999999
-0.0959999999999
-0.064
-0.0079999999999
-0.00799999999999
0.0079999999999
0.0
-0.064
-0.128
-0.168
-0.24
-0.328
-0.48
-0.752
-1.088
-1.384
-1.56
-1.544
-1.336
-1.0
-0.6
-0.248
-0.072
-0.0400000000001
-0.016
-0.104
-0.28
-0.296
-0.144
-0.0960000000001
-0.0240000000001
0.12
0.104
-0.088
-0.208
-0.28
-0.328
-0.28
-0.184
-0.144
-0.136
-0.144
-0.184
-0.232
-0.264
-0.28
-0.272
-0.192
-0.032
0.176
0.336
0.352
0.248
0.08
-0.144
-0.344
-0.405333333333
-0.301333333333
-0.240888888889
0.144
0.528888888889
1.44444444444
