21.0
96.0
68.4
58.2
28.8
-20.0
-47.8
-45.8
-39.6
-34.0
-25.2
-14.8
-11.6
-15.8
-17.2
-14.6
-14.4
-14.6
-46.8
-35.8
-25.8
-8.6
3.6
44.0
58.2
85.6
85.6
68.4
58.2
28.8
-20.0
-47.8
-45.8
-39.6
-34.0
-25.2
-14.8
-11.6
-15.8
-17.2
-14.6
-14.4
-14.6
-7.4
-1.6
1.0
1.8
4.0
2.6
5.4
6.8
7.6
5.6
4.0
1.8
0.6
-0.8
-1.6
-4.2
-4.8
-5.0
-4.6
-3.6
-0.4
0.4
-0.2
-0.4
0.6
1.0
0.8
1.0
1.0
0.6
0.0
0.6
3.0
4.0
3.2
2.6
2.4
1.2
0.4
1.0
1.0
0.2
0.2
1.2
1.6
0.6
0.2
0.0
0.6
0.4
2.0
2.6
3.0
2.0
1.8
1.8
2.6
1.8
0.8
0.6
1.0
0.8
0.4
0.4
-0.6
-1.0
-1.0
-1.2
-1.0
0.2
0.0
0.4
1.4
1.4
1.0
-0.6
-0.8
-0.4
-0.6
-1.6
-0.6
-1.0
-0.6
0.4
1.0
0.2
-0.2
-0.8
0.0
0.2
0.6
0.2
0.2
-0.4
0.6
1.2
0.2
-1.0
-1.4
-1.2
-1.0
0.0
0.4
0.4
0.4
0.6
1.8
1.6
0.6
-0.8
0.0
1.0
2.0
1.8
1.4
0.4
-0.4
-0.2
-0.2
-0.8
-1.8
-2.6
-2.8
-1.0
1.6
2.0
0.6
-0.2
0.0
-0.8
-0.4
-0.2
-1.0
-1.0
0.2
-0.2
-0.8
-0.4
-0.6
-1.0
-0.2
1.4
1.8
0.8
0.2
0.6
0.6
0.8
0.2
-0.8
-0.6
-0.2
0.0
0.8
-0.4
-2.2
-1.6
-0.8
-0.8
0.0
-0.4
-1.6
-0.8
0.0
0.6
1.0
1.2
0.0
-0.4
-0.6
0.0
-0.4
-2.0
-2.2
0.4
0.4
0.6
1.2
1.0
0.2
1.2
0.4
-1.2
-1.4
-1.8
-1.4
1.0
2.6
0.8
0.4
1.0
-0.4
-0.8
0.0
0.8
-0.6
-1.6
-1.8
-0.6
-1.0
-0.8
0.6
1.6
-0.2
-1.8
-2.0
-2.0
-2.0
-0.8
-0.2
-0.2
-0.2
0.2
0.2
0.4
-0.4
-1.2
0.0
1.2
0.2
-0.2
0.6
-0.4
-1.2
0.6
1.8
0.6
-1.6
-1.6
-0.8
-1.4
-1.4
0.8
0.8
-1.4
-0.4
0.8
0.2
0.0
0.8
0.4
1.0
0.8
0.0
-0.2
-0.6
-1.4
-1.2
-0.6
-1.2
-1.0
0.0
0.6
0.4
-0.6
-0.2
0.0
-0.2
-0.6
0.0
0.0
-0.6
-1.2
-1.0
-0.6
-0.8
-0.6
-0.8
-0.4
0.0
0.2
-0.4
-0.2
-0.4
-1.0
-2.0
-2.0
-1.4
-2.2
-3.2
-2.4
-1.0
0.4
0.8
0.6
-0.4
-0.8
-1.2
-0.8
0.2
0.2
-1.4
-1.2
-0.4
0.0
0.4
-0.6
-2.4
-1.6
-0.2
-0.2
0.2
0.2
0.2
-0.2
-0.6
0.0
0.4
-0.2
-0.4
0.2
-0.4
0.2
0.6
0.0
-0.4
-0.4
-0.6
0.0
0.4
-0.4
-1.2
-1.8
-2.2
-2.2
-2.0
-1.0
0.0
0.4
0.0
-0.4
0.8
0.6
-1.4
-1.4
1.0
-0.2
-1.0
0.8
1.4
-0.2
-0.6
-0.8
-1.0
-0.2
0.4
0.2
0.0
-0.4
-0.6
-0.4
0.2
0.4
-0.6
-1.2
-0.8
0.6
1.4
1.0
0.2
0.0
-0.2
-1.2
-0.4
0.0
-0.6
-0.4
0.666666666667
4.0
