0.0
0.04
0.04
0.032
0.0079999999999
-0.00799999999999
-0.024
-0.04
-0.024
-0.0079999999999
0.00799999999999
0.024
0.04
0.024
0.0079999999999
-0.00799999999999
-0.024
-0.04
-0.032
-0.016
9.09494701773e-14
0.016
0.032
0.04
0.016
-0.00800000000008
-0.032
-0.0559999999999
-0.0799999999999
-0.0559999999999
-0.032
-0.016
-0.00799999999999
-0.00800000000008
-0.048
-0.096
-0.128
-0.144
-0.136
-0.096
-0.032
0.032
0.096
0.136
0.144
0.128
0.096
0.048
0.00800000000008
0.0
0.0
0.00799999999999
0.024
0.04
0.032
0.024
0.016
0.00799999999999
0.00799999999999
0.0160000000001
0.024
0.024
0.024
0.0
-0.0240000000001
-0.048
-0.048
-0.048
-0.032
-0.016
0.0
-0.016
-0.0400000000001
-0.056
-0.0800000000001
-0.112
-0.12
-0.112
-0.112
-0.0959999999999
-0.0639999999999
-0.04
-0.016
0.016
0.048
0.08
0.12
0.144
0.152
0.152
0.128
0.08
0.0400000000001
0.0079999999999
-0.04
-0.056
-0.04
-0.024
-0.0079999999999
0.032
0.048
0.04
0.032
0.024
0.00799999999999
0.0
0.0
