0.0
0.0666666666666
0.04
0.04
0.04
-0.04
-0.04
-0.04
-0.04
-0.04
0.04
0.04
0.04
0.04
0.04
-0.04
-0.04
-0.04
-0.04
-0.04
0.0
0.04
0.04
0.04
0.04
0.04
-0.0799999999999
-0.0799999999999
-0.0799999999999
-0.0799999999999
-0.0799999999999
0.04
0.04
0.0
-0.0400000000001
-0.08
-0.16
-0.2
-0.16
-0.12
-0.0400000000001
0.0400000000001
0.12
0.16
0.2
0.16
0.08
0.0400000000001
0.0
-0.04
-0.04
0.04
0.04
0.04
0.04
0.04
0.0
0.0
0.0
0.0
0.04
0.04
0.04
0.0
0.0
-0.0799999999999
-0.0799999999999
-0.0799999999999
0.0
0.0
0.0
0.0
0.0
-0.08
-0.12
-0.08
-0.12
-0.16
-0.12
-0.08
-0.08
-0.04
0.0
0.0
0.04
0.08
0.12
0.16
0.2
0.16
0.12
0.12
0.04
-0.04
-0.04
-0.04
-0.12
-0.04
0.04
0.04
0.04
0.08
0.04
0.0
0.0
0.0
0.0
