2310.0
2310.0
2310.0
2310.0
2310.0
2311.0
2310.0
2310.0
2310.0
2310.0
2310.0
2310.0
2310.0
2310.0
2310.0
2311.0
2310.0
2310.0
2310.0
2310.0
2310.0
2310.0
2310.0
2310.0
2310.0
2310.0
2311.0
2310.0
2310.0
2310.0
2310.0
2309.0
2310.0
2310.0
2310.0
2310.0
2310.0
2310.0
2309.0
2309.0
2309.0
2309.0
2309.0
2309.0
2309.0
2310.0
2310.0
2310.0
2310.0
2310.0
2310.0
2309.0
2310.0
2310.0
2310.0
2310.0
2310.0
2310.0
2310.0
2310.0
2310.0
2310.0
2310.0
2310.0
2310.0
2311.0
2310.0
2310.0
2309.0
2310.0
2310.0
2310.0
2310.0
2310.0
2310.0
2309.0
2310.0
2310.0
2309.0
2309.0
2309.0
2309.0
2309.0
2309.0
2309.0
2309.0
2309.0
2309.0
2309.0
2310.0
2310.0
2310.0
2310.0
2310.0
2310.0
2310.0
2311.0
2309.0
2309.0
2310.0
2310.0
2310.0
2310.0
2310.0
2310.0
2310.0
2310.0
2310.0
