2446.0
2448.0
2447.0
2448.0
2447.0
2447.0
2447.0
2447.0
2448.0
2447.0
2448.0
2448.0
2446.0
2447.0
2446.0
2447.0
2446.0
2447.0
2446.0
2447.0
2446.0
2446.0
2446.0
2447.0
2446.0
2447.0
2446.0
2446.0
2446.0
2446.0
2446.0
2447.0
2445.0
2446.0
2445.0
2446.0
2446.0
2445.0
2446.0
2446.0
2446.0
2445.0
2445.0
2445.0
2446.0
2446.0
2444.0
2443.0
2443.0
2442.0
2443.0
2445.0
2445.0
2445.0
2445.0
2445.0
2445.0
2445.0
2444.0
2445.0
2444.0
2444.0
2444.0
2444.0
2444.0
2444.0
2444.0
2444.0
2444.0
2444.0
2445.0
2447.0
2446.0
2446.0
2446.0
2446.0
2446.0
2445.0
2446.0
2445.0
2446.0
2445.0
2445.0
2446.0
2445.0
2445.0
2445.0
2445.0
2445.0
2446.0
2444.0
2445.0
2445.0
2445.0
2445.0
2444.0
2445.0
2444.0
2445.0
2444.0
2444.0
2444.0
2445.0
2445.0
2444.0
2444.0
2444.0
2444.0
2444.0
2444.0
2444.0
2444.0
2443.0
2444.0
2443.0
2444.0
2444.0
2443.0
2443.0
2444.0
2443.0
2444.0
2443.0
2443.0
2443.0
2443.0
2443.0
2443.0
2443.0
2443.0
2443.0
2442.0
2443.0
2442.0
2443.0
2442.0
2442.0
2442.0
2442.0
2442.0
2442.0
2442.0
2442.0
2442.0
2443.0
2443.0
2442.0
2441.0
2443.0
2442.0
2442.0
2442.0
2442.0
2442.0
2442.0
2442.0
2441.0
2441.0
2442.0
2441.0
2441.0
2442.0
2442.0
2441.0
2441.0
2441.0
2441.0
2441.0
2442.0
2442.0
2442.0
2441.0
2441.0
2441.0
2441.0
2441.0
2440.0
2441.0
2440.0
2441.0
2441.0
2441.0
2441.0
2440.0
2441.0
2440.0
2441.0
2440.0
2441.0
2440.0
2440.0
2440.0
2441.0
2439.0
2440.0
2439.0
2440.0
2440.0
2440.0
2440.0
2440.0
2440.0
2440.0
2440.0
2440.0
2440.0
2439.0
2439.0
2439.0
2439.0
2439.0
2439.0
2439.0
2439.0
2439.0
2439.0
2440.0
2439.0
2439.0
2439.0
