0.733333333333
0.4
0.248
0.101333333333
0.072
0.032
0.0239999999999
0.0159999999999
-0.00799999999999
-0.072
-0.112
-0.144
-0.152
-0.144
-0.096
-0.08
-0.0480000000001
-0.0480000000001
-0.032
-0.032
-0.00800000000008
-0.016
1.81898940355e-13
-0.016
-0.0240000000001
-0.048
-0.048
-0.0640000000001
-0.056
-0.0719999999999
-0.0719999999999
-0.0799999999999
-0.0639999999999
-0.0560000000001
-0.0320000000001
-0.0160000000001
-0.00799999999999
-0.0240000000001
-0.0399999999999
-0.0559999999999
-0.0879999999999
-0.12
-0.176
-0.256
-0.32
-0.336
-0.312
-0.2
-0.024
0.128
0.232
0.28
0.248
0.152
0.056
-0.0320000000001
-0.088
-0.128
-0.136
-0.128
-0.104
-0.088
-0.0559999999999
-0.024
0.024
0.08
0.152
0.232
0.304
0.32
0.296
0.24
0.144
0.0400000000001
-0.032
-0.0719999999999
-0.096
-0.0880000000001
-0.0800000000001
-0.0639999999999
-0.0559999999999
-0.056
-0.0559999999999
-0.048
-0.0480000000001
-0.048
-0.032
-0.04
-0.0400000000001
-0.04
-0.048
-0.0639999999999
-0.0639999999999
-0.0719999999999
-0.088
-0.0800000000001
-0.0720000000001
-0.0560000000001
-0.0400000000001
-0.00799999999999
-0.00799999999999
-0.0159999999999
-0.032
-0.048
-0.072
-0.0799999999999
-0.0720000000001
-0.0719999999999
-0.0719999999999
-0.0719999999999
-0.0639999999999
-0.0719999999999
-0.056
-0.048
-0.0400000000001
-0.0400000000001
-0.0240000000001
-0.0400000000001
-0.0399999999999
-0.048
-0.0559999999999
-0.0719999999999
-0.0639999999999
-0.0640000000001
-0.056
-0.048
-0.048
-0.0559999999999
-0.0719999999999
-0.08
-0.0959999999999
-0.0960000000001
-0.104
-0.0960000000001
-0.096
-0.08
-0.0719999999999
-0.0400000000001
-0.00799999999999
0.024
0.0400000000001
0.064
0.0559999999999
0.0240000000001
-0.00799999999999
-0.0160000000001
-0.048
-0.0559999999999
-0.0400000000001
-0.032
-0.0559999999999
-0.0559999999999
-0.072
-0.104
-0.112
-0.088
-0.08
-0.0559999999999
-0.016
-0.0079999999999
-0.032
-0.032
-0.0320000000001
-0.032
-0.00799999999999
0.0400000000001
0.0559999999999
0.048
0.016
-0.0320000000001
-0.0880000000001
-0.128
-0.144
-0.136
-0.104
-0.0720000000001
-0.0320000000001
-9.09494701773e-14
0.016
0.00799999999999
-0.00799999999981
-0.024
-0.048
-0.056
-0.064
-0.0480000000001
-0.064
-0.064
-0.0799999999999
-0.08
-0.112
-0.0959999999999
-0.088
-0.056
-0.032
0.016
0.032
0.048
0.04
0.024
-0.00799999999999
-0.0400000000001
-0.08
-0.12
-0.144
-0.152
-0.144
-0.12
-0.08
-0.0400000000001
-0.0079999999999
0.016
0.032
0.032
0.016
-0.00266666666676
-0.024
-0.0533333333333
-0.0666666666666
