1.0
0.466666666667
0.24
0.04
0.0
0.0
0.08
0.0400000000001
0.0
-0.04
-0.12
-0.24
-0.16
-0.16
-0.08
-0.08
0.0
-0.08
0.0
-0.08
0.0
0.0
0.0400000000001
-0.0400000000001
0.0
-0.08
-0.0400000000001
-0.08
-0.04
-0.0799999999999
-0.04
-0.12
-0.08
-0.08
0.0
0.0
0.0
0.0
-0.04
-0.08
-0.08
-0.08
-0.16
-0.2
-0.36
-0.48
-0.4
-0.24
-0.08
0.2
0.4
0.36
0.28
0.16
0.0400000000001
-0.08
-0.12
-0.16
-0.12
-0.16
-0.12
-0.08
-0.04
-0.04
0.0
0.04
0.16
0.24
0.32
0.4
0.4
0.24
0.12
0.0400000000001
-0.08
-0.12
-0.12
-0.08
-0.08
-0.04
-0.08
-0.0400000000001
-0.0400000000001
-0.08
-0.0400000000001
-0.04
-0.04
-0.04
0.0
-0.0799999999999
-0.04
-0.04
-0.08
-0.08
-0.08
-0.08
-0.12
-0.04
-0.04
0.0
0.0
0.0400000000001
-0.0400000000001
-0.08
-0.08
-0.08
-0.08
-0.0799999999999
-0.04
-0.08
-0.08
-0.08
-0.0400000000001
-0.08
0.0
-0.04
-0.04
-0.04
0.0
-0.08
-0.0400000000001
-0.08
-0.08
-0.08
-0.04
-0.04
-0.04
-0.04
-0.08
-0.08
-0.12
-0.08
-0.12
-0.08
-0.12
-0.08
-0.08
-0.04
-0.04
0.04
0.08
0.08
0.04
0.08
0.0
-0.08
-0.08
0.0
-0.08
-0.04
0.0
-0.04
-0.12
-0.08
-0.12
-0.16
-0.08
0.0
-0.04
0.0
0.0400000000001
-0.0400000000001
-0.12
-0.0400000000001
0.0
0.04
0.08
0.12
0.0400000000001
-0.0400000000001
-0.12
-0.16
-0.16
-0.16
-0.12
-0.08
0.0
0.0
0.0400000000001
0.0400000000001
0.0
-0.0400000000001
-0.08
-0.0400000000001
-0.08
-0.04
-0.08
0.0
-0.12
-0.08
-0.12
-0.0799999999999
-0.16
-0.04
-0.04
0.04
0.04
0.08
0.04
0.04
0.0
-0.04
-0.08
-0.12
-0.16
-0.2
-0.16
-0.12
-0.08
-0.04
0.0
0.04
0.04
0.04
0.04
0.0
-0.04
-0.0666666666666
0.0
