2.06666666667
1.04
0.688
0.402666666667
0.632
0.992
1.4
1.592
1.472
0.888
0.0800000000001
-0.656
-1.048
-1.0
-0.648
-0.24
0.0480000000001
0.048
-0.272
-0.552
-0.664
-0.584
-0.36
-0.024
0.12
0.16
0.136
0.208
0.512
1.088
1.728
2.36
2.872
3.032
2.864
2.496
1.984
1.336
0.824
0.552
0.528
0.68
1.016
1.336
1.528
1.472
1.24
0.784
0.104
-0.736
-1.536
-2.16
-2.4
-2.024
-1.184
-0.0159999999998
1.232
2.368
3.144
3.696
3.904
3.728
3.144
2.104
0.76
-0.552
-1.608
-2.28
-2.304
-1.952
-1.496
-0.96
-0.528
-0.344
-0.32
-0.48
-0.888
-1.288
-1.712
-2.136
-2.248
-2.176
-2.072
-1.712
-1.008
-0.36
0.416
1.256
1.68
1.48
0.984
0.344
-0.304
-0.584
-0.304
0.352
0.904
1.216
1.368
1.192
0.8
0.568
0.72
0.928
1.224
1.424
1.368
0.872
0.208
-0.408
-0.864
-1.024
-0.888
-0.672
-0.448
-0.136
0.168
0.392
0.728
0.864
0.776
0.544
0.456
0.416
0.608
0.904
1.088
0.896
0.408
-0.168
-0.736
-1.0
-0.84
-0.432
0.0
0.456
0.592
0.336
-0.176
-0.864
-1.704
-2.152
-2.176
-1.712
-0.848
0.264
0.936
1.304
1.352
1.152
0.912
1.056
1.384
1.664
1.936
2.024
1.88
1.512
1.104
0.72
0.512
0.472
0.72
1.2
1.536
1.608
1.408
0.88
0.0959999999999
-0.536
-0.912
-1.072
-1.064
-0.904
-0.728
-0.664
-0.704
-0.656
-0.536
-0.32
0.112
0.752
1.256
1.576
1.512
1.344
0.808
0.848
0.8
2.2
