5095.0
5101.0
5098.0
5096.0
5101.0
5100.0
5094.0
5096.0
5100.0
5108.0
5114.0
5114.0
5108.0
5099.0
5094.0
5098.0
5103.0
5106.0
5102.0
5102.0
5107.0
5099.0
5097.0
5094.0
5096.0
5101.0
5107.0
5102.0
5099.0
5094.0
5094.0
5103.0
5108.0
5109.0
5108.0
5115.0
5121.0
5123.0
5123.0
5123.0
5120.0
5120.0
5122.0
5123.0
5122.0
5126.0
5130.0
5136.0
5131.0
5128.0
5131.0
5135.0
5134.0
5125.0
5113.0
5107.0
5115.0
5121.0
5127.0
5125.0
5131.0
5128.0
5138.0
5147.0
5150.0
5158.0
5146.0
5142.0
5137.0
5137.0
5131.0
5131.0
5137.0
5129.0
5134.0
5131.0
5130.0
5136.0
5133.0
5128.0
5127.0
5123.0
5116.0
5118.0
5120.0
5116.0
5110.0
5116.0
5107.0
5114.0
5130.0
5134.0
5129.0
5116.0
5118.0
5117.0
5117.0
5118.0
5127.0
5131.0
5123.0
5129.0
5130.0
5127.0
5123.0
5128.0
5129.0
5138.0
5136.0
5142.0
5139.0
5128.0
5130.0
5122.0
5133.0
5135.0
5132.0
5126.0
5122.0
5133.0
5126.0
5142.0
5137.0
5135.0
5132.0
5126.0
5133.0
5135.0
5143.0
5148.0
5141.0
5134.0
5133.0
5132.0
5134.0
5134.0
5134.0
5132.0
5140.0
5143.0
5136.0
5136.0
5135.0
5127.0
5126.0
5115.0
5118.0
5123.0
5142.0
5136.0
5132.0
5130.0
5127.0
5130.0
5135.0
5147.0
5141.0
5142.0
5139.0
5146.0
5154.0
5150.0
5145.0
5140.0
5141.0
5148.0
5160.0
5158.0
5154.0
5156.0
5158.0
5153.0
5148.0
5147.0
5150.0
5152.0
5148.0
5147.0
5146.0
5144.0
5149.0
5147.0
5141.0
5138.0
5149.0
5158.0
5162.0
5157.0
5149.0
5148.0
5156.0
