3.0
1.4
0.48
0.04
0.28
0.64
1.72
2.28
2.08
1.24
0.0400000000001
-1.2
-1.76
-1.6
-0.72
0.28
0.56
0.28
-0.16
-0.72
-1.32
-0.84
-0.28
0.24
0.4
0.36
-0.12
-0.0799999999999
0.12
0.76
1.88
2.76
3.12
3.28
3.32
2.68
1.92
1.28
0.72
0.0799999999999
0.12
0.56
1.16
1.48
1.76
1.72
1.52
0.88
0.32
-0.52
-1.68
-2.68
-3.12
-2.8
-1.72
0.2
1.52
2.72
3.44
3.96
4.08
4.28
3.76
2.56
1.04
-1.12
-2.44
-2.8
-2.72
-2.32
-1.24
-0.68
-0.52
-0.04
-0.16
-0.32
-0.56
-1.32
-2.08
-2.16
-2.44
-2.68
-1.88
-1.72
-1.64
-0.64
0.84
1.36
2.16
2.56
1.48
-0.16
-1.12
-1.04
-0.68
0.0799999999999
1.24
2.16
1.72
0.88
0.84
0.36
0.2
0.56
1.64
1.88
1.84
1.2
0.28
-0.84
-1.44
-1.24
-1.08
-0.52
-0.16
-0.36
-0.12
0.48
1.0
0.96
1.32
0.56
0.04
-0.16
0.52
1.12
1.52
1.52
0.76
-0.44
-1.32
-1.36
-1.32
-0.56
0.36
0.72
0.8
0.96
0.12
-0.92
-1.84
-2.64
-3.24
-2.12
-1.04
0.48
1.68
2.32
1.24
0.8
0.72
0.68
1.12
1.96
2.44
2.12
2.04
1.56
1.24
0.6
0.0800000000001
0.12
0.52
1.04
1.84
2.48
1.8
0.88
0.04
-0.8
-1.44
-1.36
-1.0
-0.76
-0.76
-0.64
-0.48
-0.68
-0.96
-0.52
-0.04
0.6
1.48
2.24
2.0
1.56
0.28
0.64
0.4
5.0
