54.6666666667
79.7333333333
45.56
18.1866666667
-28.08
-60.36
-76.28
-75.04
-58.64
-33.44
-8.8
9.72
19.44
23.08
21.44
14.12
5.48
-2.68
-9.0
-12.56
-10.88
-8.64
-6.28
-3.84
-2.04
-2.12
-1.88
-1.32
-1.24
-0.88
-0.48
-0.48
-0.48
0.12
0.64
1.2
1.72
1.52
0.88
0.32
-0.24
-0.6
-0.68
-0.88
-1.36
-2.08
-2.68
-2.88
-2.56
-1.88
-0.8
-0.12
0.2
0.16
-0.16
-0.76
-1.08
-1.32
-1.56
-1.72
-1.8
-1.8
-1.68
-1.36
-1.08
-0.8
-0.72
-0.6
-0.68
-0.68
-0.72
-0.76
-1.0
-1.16
-1.32
-1.4
-1.28
-1.12
-0.96
-0.8
-0.6
-0.52
-0.4
-0.146666666667
-0.16
-0.133333333333
-0.666666666667
