76.4888888889
63.4977777778
36.12
8.75022222222
-20.1946666667
-44.3146666667
-59.68
-60.752
-50.44
-33.24
-14.344
2.0
12.976
17.56
16.712
12.288
5.872
-0.928
-5.928
-8.752
-9.472
-8.44
-6.336
-4.584
-3.232
-2.24
-1.72
-1.488
-1.16
-0.88
-0.712
-0.44
-0.136
0.2
0.64
1.04
1.192
1.128
0.84
0.376
-0.0639999999999
-0.416
-0.752
-1.12
-1.536
-1.976
-2.312
-2.416
-2.16
-1.648
-1.032
-0.488
-0.144
-0.136
-0.328
-0.632
-0.976
-1.288
-1.496
-1.64
-1.712
-1.672
-1.544
-1.344
-1.128
-0.912
-0.776
-0.696
-0.68
-0.688
-0.768
-0.864
-0.992
-1.128
-1.232
-1.256
-1.216
-1.112
-0.952
-0.8
-0.656
-0.493333333333
-0.365333333333
-0.262222222222
-0.216
-0.177777777778
-0.288888888889
