1783.0
1846.0
1884.0
2082.0
2194.0
2105.0
1930.0
1743.0
1671.0
1638.0
1620.0
1616.0
1633.0
1670.0
1712.0
1751.0
1765.0
1766.0
1760.0
1745.0
1699.0
1698.0
1695.0
1692.0
1689.0
1689.0
1687.0
1683.0
1685.0
1678.0
1677.0
1682.0
1685.0
1680.0
1676.0
1675.0
1677.0
1687.0
1690.0
1687.0
1687.0
1685.0
1684.0
1684.0
1684.0
1685.0
1684.0
1679.0
1673.0
1669.0
1665.0
1668.0
1669.0
1670.0
1671.0
1672.0
1669.0
1667.0
1666.0
1665.0
1664.0
1662.0
1659.0
1656.0
1655.0
1654.0
1655.0
1654.0
1654.0
1652.0
1651.0
1650.0
1652.0
1650.0
1649.0
1647.0
1644.0
1644.0
1642.0
1642.0
1641.0
1641.0
1640.0
1638.0
1639.0
1640.0
1640.0
1639.0
