0.666666666667
0.2
0.04
-0.0933333333333
-0.0400000000001
-0.12
-0.08
-0.04
-0.04
-0.04
0.0
0.04
0.08
0.08
0.08
0.08
0.0400000000001
0.04
0.12
0.2
0.28
0.32
0.28
0.2
0.16
0.0799999999999
0.04
0.08
0.08
0.0
0.0400000000001
0.0400000000001
0.0
0.0
0.0400000000001
0.0
0.0
0.0
0.0
0.0
-0.0400000000001
0.0
-0.0400000000001
-0.0400000000001
-0.0400000000001
0.0
-0.08
-0.04
-0.04
-0.04
-0.04
0.0
0.0
0.0
0.0
0.0
0.0
0.0
0.04
0.08
0.08
0.08
0.12
0.08
0.0
0.0
0.0
-0.12
-0.32
-0.44
-0.6
-0.72
-0.72
-0.52
-0.32
-0.16
-0.0400000000001
0.0
0.04
-0.04
-0.04
-0.08
-0.0400000000001
-0.12
-0.08
-0.08
-0.04
0.0
0.04
0.04
0.04
0.04
-0.04
0.0400000000001
0.0400000000001
0.0400000000001
0.0400000000001
0.12
-0.0400000000001
0.08
0.24
0.4
0.48
0.72
0.64
0.48
0.32
0.24
0.0799999999999
0.04
0.04
0.04
-0.04
0.0
0.0
0.0
0.0
0.04
0.0
0.0
0.0
0.0
0.0400000000001
0.0
0.0
0.0
-0.04
-0.08
-0.0666666666666
0.0
