0.355555555555
0.151111111111
0.0639999999999
-0.0311111111111
-0.0586666666666
-0.0746666666667
-0.0639999999999
-0.0639999999999
-0.04
-0.016
0.00799999999999
0.032
0.0559999999999
0.0719999999999
0.072
0.064
0.0720000000001
0.096
0.136
0.192
0.24
0.256
0.248
0.208
0.152
0.112
0.0879999999999
0.0559999999999
0.048
0.048
0.032
0.016
0.0240000000001
0.016
0.00800000000008
0.00800000000008
0.00800000000008
0.0
-0.00800000000008
-0.00799999999999
-0.0160000000001
-0.024
-0.032
-0.0239999999999
-0.0400000000001
-0.04
-0.0400000000001
-0.0400000000001
-0.048
-0.032
-0.024
-0.016
-0.00799999999999
0.0
0.0
0.0
0.00799999999999
0.024
0.04
0.0559999999999
0.08
0.0880000000001
0.072
0.056
0.0400000000001
-0.00800000000008
-0.0880000000001
-0.176
-0.296
-0.44
-0.56
-0.6
-0.576
-0.488
-0.352
-0.208
-0.096
-0.0400000000001
-0.0160000000001
-0.024
-0.0320000000001
-0.0639999999999
-0.072
-0.08
-0.072
-0.0639999999999
-0.032
-0.00799999999999
0.016
0.032
0.024
0.0239999999999
0.024
0.024
0.024
0.056
0.0400000000001
0.048
0.0880000000001
0.16
0.232
0.384
0.496
0.544
0.528
0.48
0.352
0.232
0.144
0.088
0.032
0.0159999999999
0.00799999999999
0.0
-0.00799999999999
0.00799999999999
0.00799999999999
0.00799999999999
0.00799999999999
0.00799999999999
0.00799999999999
0.00800000000008
0.00800000000008
0.00800000000008
0.0
-0.024
-0.0346666666667
-0.048
-0.0666666666666
-0.0666666666666
