2305.0
2306.0
2306.0
2305.0
2305.0
2306.0
2305.0
2305.0
2305.0
2305.0
2305.0
2305.0
2305.0
2305.0
2305.0
2305.0
2306.0
2306.0
2305.0
2305.0
2305.0
2306.0
2307.0
2307.0
2307.0
2307.0
2307.0
2307.0
2307.0
2308.0
2307.0
2307.0
2308.0
2307.0
2307.0
2308.0
2307.0
2308.0
2307.0
2307.0
2308.0
2307.0
2308.0
2307.0
2307.0
2307.0
2308.0
2307.0
2307.0
2307.0
2307.0
2307.0
2307.0
2307.0
2307.0
2307.0
2307.0
2307.0
2307.0
2307.0
2307.0
2307.0
2307.0
2308.0
2308.0
2307.0
2307.0
2308.0
2308.0
2307.0
2307.0
2307.0
2306.0
2303.0
2303.0
2303.0
2304.0
2304.0
2303.0
2304.0
2303.0
2304.0
2303.0
2304.0
2303.0
2303.0
2303.0
2303.0
2303.0
2303.0
2303.0
2303.0
2304.0
2303.0
2303.0
2303.0
2303.0
2303.0
2305.0
2303.0
2303.0
2303.0
2304.0
2303.0
2306.0
2307.0
2307.0
2307.0
2307.0
2307.0
2307.0
2307.0
2308.0
2307.0
2307.0
2307.0
2307.0
2307.0
2308.0
2307.0
2307.0
2307.0
2307.0
2308.0
2307.0
2307.0
2307.0
2308.0
2307.0
2307.0
2307.0
