-14.5333333333
-12.16
-9.96
-7.59733333333
-5.448
-3.184
6.064
20.288
37.52
56.84
78.32
80.384
67.872
45.96
17.664
-17.064
-37.368
-46.168
-47.976
-45.6
-38.768
-33.272
-29.592
-26.448
-22.912
-19.112
-15.808
-12.4
-9.056
-5.992
-3.376
-1.2
0.344
1.32
1.888
2.144
2.008
1.752
1.448
1.064
0.632
0.336
0.0960000000001
-0.0800000000001
-0.2
-0.28
-0.344
-0.384
-0.408
-0.384
-0.312
-0.256
-0.232
-0.24
-0.304
-0.424
-0.544
-0.624
-0.656
-0.616
-0.504
-0.36
-0.2
-0.0400000000001
0.072
0.12
0.144
0.104
0.0
-0.152
-0.304
-0.52
-0.76
-1.016
-1.2
-1.368
-1.44
-1.4
-1.216
-1.008
-0.728
-0.432
-0.168
-0.00799999999999
0.104
0.12
0.064
-0.024
-0.064
-0.072
-0.016
0.0799999999999
0.2
0.264
0.288
0.24
0.144
-0.00800000000008
-0.16
-0.32
-0.408
-0.44
-0.4
-0.288
-0.104
0.064
0.24
0.376
0.416
0.368
0.248
0.0400000000001
-0.16
-0.28
-0.336
-0.288
-0.144
0.00799999999999
0.128
0.208
0.216
0.144
0.032
-0.112
-0.24
-0.344
-0.384
-0.376
-0.336
-0.32
-0.32
-0.368
-0.44
-0.512
-0.552
-0.584
-0.584
-0.576
-0.536
-0.464
-0.336
-0.2
-0.048
0.064
0.104
0.0800000000001
0.0320000000001
-0.048
-0.144
-0.2
-0.256
-0.312
-0.344
-0.328
-0.312
-0.272
-0.2
-0.112
-0.0400000000001
0.032
0.112
0.144
0.104
0.0160000000001
-0.128
-0.336
-0.536
-0.688
-0.792
-0.824
-0.784
-0.712
-0.624
-0.552
-0.536
-0.592
-0.72
-0.912
-1.112
-1.272
-1.36
-1.352
-1.272
-1.176
-1.096
-1.04
-1.016
-1.008
-0.984
-0.936
-0.872
-0.824
-0.768
-0.712
-0.632
-0.536
-0.384
-0.224
-0.0640000000001
0.0239999999999
0.048
-0.0400000000001
-0.224
-0.472
-0.704
-0.928
-1.072
-1.088
-1.016
-0.888
-0.68
-0.44
-0.24
-0.0799999999999
0.00799999999999
-0.0159999999999
-0.16
-0.384
-0.648
-0.88
-1.024
-1.064
-1.0
-0.872
-0.744
-0.664
-0.624
-0.648
-0.696
-0.736
-0.752
-0.736
-0.656
-0.552
-0.416
-0.248
-0.096
0.024
0.128
0.168
0.136
0.088
0.00799999999999
-0.104
-0.192
-0.24
-0.272
-0.264
-0.216
-0.168
-0.12
-0.0959999999999
-0.12
-0.2
-0.312
-0.472
-0.64
-0.776
-0.864
-0.896
-0.856
-0.752
-0.624
-0.472
-0.344
-0.256
-0.224
-0.216
-0.248
-0.272
-0.288
-0.288
-0.28
-0.248
-0.192
-0.096
0.0320000000001
0.152
0.24
0.248
0.168
0.0320000000001
-0.104
-0.232
-0.296
-0.296
-0.288
-0.304
-0.304
-0.32
-0.36
-0.368
-0.344
-0.352
-0.384
-0.416
-0.48
-0.56
-0.592
-0.584
-0.568
-0.544
-0.512
-0.52
-0.536
-0.544
-0.528
-0.504
-0.456
-0.432
-0.416
-0.4
-0.376
-0.344
-0.28
-0.2
-0.136
-0.0960000000001
-0.0880000000001
-0.088
-0.104
-0.128
-0.136
-0.104
-0.072
-0.024
0.048
0.112
0.152
0.16
0.112
0.0079999999999
-0.128
-0.32
-0.52
-0.704
-0.848
-0.96
-1.0
-0.984
-0.92
-0.84
-0.728
-0.6
-0.456
-0.304
-0.16
-0.0640000000001
-0.0240000000001
-0.072
-0.176
-0.288
-0.376
-0.424
-0.4
-0.36
-0.336
-0.328
-0.32
-0.328
-0.304
-0.24
-0.16
-0.12
-0.0879999999999
-0.0960000000001
-0.144
-0.208
-0.256
-0.336
-0.392
-0.424
-0.448
-0.464
-0.448
-0.472
-0.536
-0.616
-0.704
-0.784
-0.808
-0.784
-0.736
-0.656
-0.568
-0.504
-0.456
-0.416
-0.408
-0.424
-0.44
-0.44
-0.416
-0.384
-0.344
-0.312
-0.304
-0.352
-0.421333333333
-0.501333333333
-0.584888888889
-0.664
-0.724444444444
-0.755555555555
