-18.0
-13.3333333333
-11.4
-8.2
-5.4
-2.8
0.6
2.2
2.0
2.0
185.0
137.2
91.0
64.4
63.4
-112.6
-90.6
-55.2
-32.8
-36.0
-49.6
-30.8
-26.6
-25.4
-24.0
-20.0
-16.4
-11.4
-8.2
-5.4
-2.8
0.6
2.2
2.0
2.0
3.4
1.8
1.6
2.0
1.6
-0.2
0.0
-0.2
0.0
0.0
-0.4
-0.4
-0.4
-0.6
-0.6
-0.2
-0.2
-0.2
0.0
0.0
-0.4
-0.8
-0.8
-0.8
-0.8
-0.6
-0.4
-0.2
0.2
0.2
0.0
0.4
0.4
0.0
-0.4
0.0
-0.4
-0.6
-1.4
-1.0
-1.6
-1.8
-2.0
-1.0
-1.2
-0.8
-0.4
0.2
0.0
0.4
0.4
0.2
-0.2
-0.2
-0.4
-0.2
0.0
0.6
0.4
0.4
0.2
0.4
0.0
0.0
-0.6
-0.6
-0.6
-0.6
-0.6
0.2
0.0
0.2
0.6
0.6
0.6
0.8
0.0
-0.6
-0.4
-0.8
-0.6
0.0
0.2
0.2
0.4
0.4
0.2
0.2
-0.2
-0.2
-0.6
-0.6
-0.6
-0.2
-0.2
0.0
-0.2
-0.6
-0.8
-0.6
-0.6
-0.4
-0.6
-0.6
-0.8
-0.4
-0.4
0.2
0.4
0.4
0.0
0.0
0.0
-0.4
0.0
-0.2
-0.4
-0.6
-0.2
-0.4
-0.4
-0.2
0.0
0.0
-0.2
0.2
0.4
0.2
0.2
0.2
-0.4
-0.8
-0.8
-1.0
-1.0
-0.8
-0.8
-0.6
-0.4
-0.4
-0.4
-0.4
-0.8
-1.2
-1.6
-1.8
-1.6
-1.2
-1.0
-1.0
-0.8
-1.0
-1.2
-1.2
-1.0
-0.6
-0.8
-0.8
-0.8
-0.6
-0.8
-0.4
-0.4
0.2
0.2
0.4
0.2
0.0
-0.6
-0.6
-1.2
-1.6
-1.2
-1.0
-1.2
-0.8
-0.2
-0.2
0.0
0.2
0.4
0.2
-0.2
-0.8
-1.2
-1.4
-1.4
-1.2
-0.8
-0.4
-0.6
-0.4
-0.6
-0.8
-0.8
-0.8
-1.0
-0.6
-0.6
-0.6
-0.2
0.0
0.0
0.4
0.4
0.0
0.2
0.2
-0.2
-0.4
-0.2
-0.4
-0.4
-0.2
-0.2
0.0
0.0
0.0
-0.2
0.0
-0.4
-0.8
-1.0
-1.0
-1.0
-1.0
-0.8
-0.8
-0.4
-0.2
0.0
-0.2
0.0
-0.4
-0.4
-0.4
-0.2
-0.2
-0.2
-0.4
-0.4
0.0
0.2
0.6
0.6
0.4
0.0
-0.2
-0.6
-0.6
-0.2
0.0
-0.4
-0.2
-0.2
-0.6
-0.6
-0.2
-0.2
-0.4
-0.2
-0.4
-0.8
-0.8
-0.6
-0.6
-0.6
-0.2
-0.4
-0.6
-0.8
-0.6
-0.6
-0.2
-0.4
-0.4
-0.4
-0.4
-0.6
-0.4
0.0
0.0
0.0
-0.2
0.0
0.0
-0.2
-0.4
0.0
0.0
-0.2
0.0
0.2
0.2
0.4
0.2
0.0
0.2
-0.4
-0.6
-0.8
-0.8
-1.2
-1.2
-1.2
-0.8
-0.8
-0.8
-0.6
-0.6
-0.4
0.0
0.0
0.4
0.2
-0.2
-0.4
-0.6
-0.8
-0.4
-0.2
-0.2
-0.2
-0.2
-0.6
-0.6
-0.4
0.2
0.0
0.0
0.0
-0.2
-0.4
0.0
-0.4
-0.4
-0.4
-0.6
-0.8
-0.2
-0.2
-0.4
-0.6
-0.8
-1.0
-1.0
-0.8
-0.8
-0.6
-0.4
-0.6
-0.6
-0.2
-0.2
-0.4
-0.6
-0.6
-0.4
-0.4
-0.4
-0.2
0.0
-0.4
-0.4
-0.6
-0.4
-0.8
-1.0
-1.0
