0.0666666666666
0.0533333333333
0.04
0.0186666666667
4.54747350886e-14
-0.016
-0.024
-0.024
-4.54747350886e-14
0.0239999999999
0.048
0.048
0.0400000000001
0.00800000000004
-0.0239999999999
-0.056
-0.064
-0.056
-0.04
-0.024
-0.00799999999999
0.0
0.00799999999999
0.016
0.024
0.032
0.04
0.032
0.016
4.54747350886e-14
-0.016
-0.024
-0.024
-4.54747350886e-14
0.0239999999999
0.048
0.048
0.0400000000001
0.00800000000004
-0.0239999999999
-0.056
-0.064
-0.056
-0.04
-0.024
-0.00799999999999
0.0
0.00799999999999
0.016
0.024
0.032
0.04
0.032
0.016
4.54747350886e-14
-0.016
-0.032
-0.04
-0.032
-0.0266666666666
0.0
