3499.0
3498.0
3500.0
3504.0
3504.0
3503.0
3500.0
3506.0
3501.0
3502.0
3492.0
3500.0
3497.0
3499.0
3500.0
3494.0
3497.0
3493.0
3497.0
3498.0
3495.0
3501.0
3496.0
3499.0
3494.0
3496.0
3500.0
3500.0
3496.0
3497.0
3496.0
3495.0
3498.0
3493.0
3493.0
3488.0
3480.0
3479.0
3479.0
3489.0
3490.0
3491.0
3491.0
3489.0
3488.0
3489.0
3491.0
3492.0
3494.0
3493.0
3493.0
3494.0
3494.0
3495.0
3496.0
3494.0
3494.0
3496.0
3499.0
3499.0
3499.0
3497.0
3499.0
3501.0
3500.0
3499.0
3497.0
3500.0
3501.0
3500.0
3499.0
3498.0
3498.0
3498.0
3493.0
3499.0
3499.0
3497.0
3495.0
3496.0
3497.0
3499.0
3495.0
3497.0
3496.0
3496.0
3495.0
3498.0
3501.0
3501.0
3500.0
3498.0
3495.0
3496.0
3483.0
3482.0
3480.0
3492.0
3494.0
3494.0
3493.0
3491.0
3490.0
3487.0
3487.0
3485.0
3483.0
3484.0
3483.0
3489.0
3488.0
3487.0
3486.0
3492.0
3493.0
3494.0
3493.0
3490.0
3490.0
3488.0
3488.0
3490.0
3494.0
3494.0
3493.0
3487.0
3491.0
3489.0
3486.0
3488.0
3488.0
3489.0
3488.0
3486.0
3486.0
3493.0
3491.0
3492.0
3492.0
3486.0
3494.0
3487.0
3494.0
3488.0
3493.0
3490.0
3492.0
3493.0
3488.0
3493.0
3488.0
3494.0
3495.0
3484.0
3479.0
3480.0
3481.0
3497.0
3493.0
3493.0
3495.0
3492.0
3488.0
3480.0
3478.0
3479.0
3486.0
3488.0
3486.0
3488.0
3489.0
3487.0
3486.0
3486.0
3486.0
3489.0
3490.0
