0.0
0.933333333333
0.88
0.76
0.28
-0.32
-0.4
-1.0
-0.96
-0.96
-0.44
-0.56
-0.36
-0.36
-0.36
-0.4
-0.12
0.16
0.32
0.24
0.24
0.04
0.08
-0.12
0.16
0.12
-0.04
-0.28
-0.28
-0.56
-0.88
-1.28
-1.96
-2.4
-2.4
-2.0
-0.96
0.28
1.24
1.36
1.24
0.8
0.36
0.16
0.4
0.6
0.72
0.76
0.6
0.52
0.4
0.28
0.28
0.4
0.4
0.56
0.68
0.72
0.64
0.56
0.36
0.24
0.16
0.08
0.0400000000001
0.0400000000001
0.08
-0.0400000000001
-0.16
-0.44
-0.44
-0.44
-0.4
-0.4
0.0
-0.0799999999999
-0.12
-0.16
0.0400000000001
-0.0799999999999
-0.0400000000001
-0.2
0.0
0.0799999999999
0.28
0.48
0.76
0.52
0.16
-0.76
-1.64
-2.48
-2.48
-2.36
-1.2
-0.0400000000001
1.12
1.16
0.96
0.24
-0.52
-1.28
-1.44
-1.32
-0.96
-0.52
-0.0400000000001
0.28
0.8
0.88
1.0
1.08
1.16
0.72
0.36
-0.12
-0.48
-0.48
-0.24
0.16
0.36
0.52
0.16
-0.32
-0.72
-0.64
-0.76
-0.6
-0.28
-0.16
0.0
0.16
0.36
0.6
0.68
0.52
0.28
0.2
-0.2
0.0799999999999
-0.12
0.24
0.12
0.28
0.0
0.08
-0.0400000000001
0.08
-0.0799999999999
-0.64
-0.88
-1.48
-1.48
-0.96
0.16
1.08
2.04
1.6
0.72
-0.44
-1.68
-2.36
-2.0
-1.24
-0.24
0.8
1.08
1.0
0.76
0.28
-0.12
-0.04
0.226666666667
0.56
1.06666666667
1.66666666667
