6.33333333333
3.06666666667
1.92
1.01333333333
1.08
0.84
0.84
0.72
0.68
1.24
2.08
3.24
3.96
3.88
2.68
1.36
-0.16
-1.4
-2.44
-2.84
-3.0
-2.68
-1.92
-0.68
0.64
1.52
1.6
1.32
0.8
0.24
0.0400000000001
0.24
0.48
1.0
1.48
1.76
2.0
2.16
1.96
1.52
0.96
0.36
-0.32
-1.36
-2.2
-2.64
-2.56
-1.8
-0.16
1.32
2.2
2.12
1.52
0.52
-0.16
-0.64
-0.84
-1.16
-1.28
-1.16
-0.76
0.0799999999999
0.68
1.08
0.56
0.0
-1.36
-2.24
-3.44
-4.64
-6.88
-7.72
-8.2
-7.4
-5.68
-2.4
-0.4
1.0
1.36
2.16
3.4
5.28
6.92
7.92
7.32
5.12
2.76
0.96
-0.08
-0.0799999999999
0.68
1.0
0.68
0.12
-0.72
-1.68
-1.68
-1.36
-1.48
-1.68
-1.28
-0.88
-0.52
0.16
0.0799999999999
-1.8
-4.8
-6.84
-7.36
-6.52
-4.64
-2.56
-1.72
-1.96
-2.4
-2.48
-2.24
-1.4
-1.0
-0.84
-0.92
-0.76
-0.76
-0.24
0.2
0.48
0.24
-0.0400000000001
-0.68
-1.28
-1.56
-1.2
-0.4
0.8
1.92
2.6
2.92
2.6
2.0
1.36
0.72
-0.0799999999999
-0.64
-1.08
-1.16
-0.64
0.04
0.72
1.16
1.2
0.76
0.4
-0.16
-0.48
-0.48
-0.16
0.16
0.72
0.88
0.52
0.0
-0.24
-0.32
0.12
0.92
1.6
1.88
1.96
2.2
2.4
2.48
2.56
2.56
2.0
1.28
0.72
0.04
-0.52
-0.88
-0.88
-0.56
0.16
0.32
0.24
-0.48
-1.24
-2.52
-2.92
-3.12
-2.84
-3.08
-2.84
-2.52
-2.2
-1.52
-1.0
-0.84
-1.24
-1.6
-2.12
-1.96
-0.88
-0.24
0.4
0.72
1.08
0.44
0.52
0.6
0.28
-0.88
-1.76
-2.48
-2.52
-1.96
-0.92
-0.08
0.48
0.16
-0.0400000000001
0.24
0.72
0.84
0.84
0.48
-0.12
-0.52
-0.52
-0.56
-0.72
-1.0
-1.4
-1.64
-1.2
-0.32
0.36
0.68
0.6
0.28
-0.16
-0.6
-0.56
-0.96
-1.33333333333
-3.0
