4.57777777778
2.76888888889
2.08
1.33244444444
1.13866666667
0.898666666667
0.832
0.864
1.112
1.592
2.24
2.88
3.168
3.024
2.344
1.272
0.0079999999999
-1.096
-1.968
-2.472
-2.576
-2.224
-1.528
-0.624
0.232
0.88
1.176
1.096
0.8
0.528
0.36
0.4
0.648
0.992
1.344
1.68
1.872
1.88
1.72
1.392
0.896
0.232
-0.512
-1.232
-1.816
-2.112
-1.872
-1.168
-0.2
0.736
1.4
1.536
1.24
0.672
0.0800000000001
-0.456
-0.816
-1.016
-1.04
-0.856
-0.488
-0.016
0.328
0.48
0.192
-0.392
-1.296
-2.336
-3.712
-4.984
-6.176
-6.968
-7.176
-6.28
-4.816
-2.976
-1.224
0.344
1.504
2.64
3.824
5.136
6.168
6.512
6.008
4.816
3.216
1.736
0.848
0.496
0.44
0.48
0.352
-0.12
-0.656
-1.064
-1.384
-1.576
-1.496
-1.336
-1.168
-0.84
-0.488
-0.592
-1.376
-2.64
-4.144
-5.464
-6.032
-5.584
-4.56
-3.48
-2.656
-2.224
-2.16
-2.096
-1.904
-1.592
-1.28
-0.984
-0.856
-0.704
-0.496
-0.216
-0.0160000000001
0.128
0.04
-0.256
-0.664
-0.952
-1.024
-0.728
-0.088
0.744
1.568
2.168
2.408
2.296
1.92
1.32
0.672
0.0559999999999
-0.448
-0.72
-0.696
-0.424
0.0240000000002
0.496
0.776
0.848
0.672
0.344
0.00799999999999
-0.176
-0.224
-0.0479999999999
0.224
0.424
0.456
0.376
0.168
0.016
0.0960000000001
0.416
0.84
1.296
1.712
2.008
2.184
2.32
2.44
2.4
2.176
1.824
1.32
0.704
0.128
-0.304
-0.56
-0.536
-0.368
-0.144
-0.064
-0.2
-0.736
-1.384
-2.056
-2.528
-2.896
-2.96
-2.88
-2.696
-2.432
-2.016
-1.616
-1.36
-1.24
-1.36
-1.552
-1.56
-1.36
-0.96
-0.392
0.216
0.48
0.632
0.672
0.584
0.192
-0.248
-0.848
-1.472
-1.92
-1.928
-1.592
-1.0
-0.464
-0.0800000000002
0.152
0.312
0.384
0.52
0.624
0.552
0.304
0.032
-0.248
-0.488
-0.664
-0.84
-1.064
-1.192
-1.112
-0.84
-0.424
0.024
0.32
0.352
0.16
-0.088
-0.4
-0.624
-0.992
-1.26666666667
-2.0
